Timestamp [ms],CPU usage [MHZ],CPU capacity provisioned [MHZ]
1375308176,0.0,2925.999208
1375308476,0.0,2925.999208
1375308776,11.703996832,2925.999208
1375309076,0.0,2925.999208
1375309376,0.0,2925.999208
1375309676,0.0,2925.999208
1375309976,11.703996832,2925.999208
1375310276,0.0,2925.999208
1375310576,0.0,2925.999208
1375310876,0.0,2925.999208
1375311176,11.703996832,2925.999208
1375311476,0.0,2925.999208
1375311776,0.0,2925.999208
1375312076,7.802664554666666,2925.999208
1375312376,3.901332277333333,2925.999208
1375312676,0.0,2925.999208
1375312976,11.703996832,2925.999208
1375313276,0.0,2925.999208
1375313576,0.0,2925.999208
1375313876,0.0,2925.999208
1375314176,11.703996832,2925.999208
1375314476,0.0,2925.999208
1375314776,0.0,2925.999208
1375315076,0.0,2925.999208
1375315376,11.703996832,2925.999208
1375315676,0.0,2925.999208
1375315977,0.0,2925.999208
1375316277,11.703996832,2925.999208
1375316577,0.0,2925.999208
1375316877,0.0,2925.999208
1375317177,0.0,2925.999208
1375317477,11.703996832,2925.999208
1375317777,0.0,2925.999208
1375318077,0.0,2925.999208
1375318377,11.703996832,2925.999208
1375318677,0.0,2925.999208
1375318977,0.0,2925.999208
1375319277,0.0,2925.999208
1375319577,11.703996832,2925.999208
1375319877,0.0,2925.999208
1375320177,0.0,2925.999208
1375320477,0.0,2925.999208
1375320777,11.703996832,2925.999208
1375321077,0.0,2925.999208
1375321377,0.0,2925.999208
1375321677,11.703996832,2925.999208
1375321977,0.0,2925.999208
1375322277,0.0,2925.999208
1375322577,0.0,2925.999208
1375322877,11.703996832,2925.999208
1375323177,0.0,2925.999208
1375323477,0.0,2925.999208
1375323777,11.703996832,2925.999208
1375324077,0.0,2925.999208
1375324377,0.0,2925.999208
1375324677,0.0,2925.999208
1375324977,11.703996832,2925.999208
1375325277,0.0,2925.999208
1375325578,0.0,2925.999208
1375325878,11.703996832,2925.999208
1375326178,0.0,2925.999208
1375326478,0.0,2925.999208
1375326778,11.703996832,2925.999208
1375327078,0.0,2925.999208
1375327378,0.0,2925.999208
1375327678,0.0,2925.999208
1375327978,11.703996832,2925.999208
1375328278,0.0,2925.999208
1375328578,0.0,2925.999208
1375328878,0.0,2925.999208
1375329178,11.703996832,2925.999208
1375329478,0.0,2925.999208
1375329778,0.0,2925.999208
1375330078,11.703996832,2925.999208
1375330378,0.0,2925.999208
1375330678,0.0,2925.999208
1375330978,0.0,2925.999208
1375331278,0.0,2925.999208
1375331578,11.703996832,2925.999208
1375331878,0.0,2925.999208
1375332178,0.0,2925.999208
1375332478,11.703996832,2925.999208
1375332778,0.0,2925.999208
1375333078,3.901332277333333,2925.999208
1375333378,7.802664554666666,2925.999208
1375333678,0.0,2925.999208
1375333978,0.0,2925.999208
1375334278,11.703996832,2925.999208
1375334578,0.0,2925.999208
1375334878,0.0,2925.999208
1375335179,0.0,2925.999208
1375335479,11.703996832,2925.999208
1375335779,0.0,2925.999208
1375336079,0.0,2925.999208
1375336378,11.703996832,2925.999208
1375336678,0.0,2925.999208
1375336978,0.0,2925.999208
1375337278,11.703996832,2925.999208
1375337578,0.0,2925.999208
1375337878,0.0,2925.999208
1375338178,0.0,2925.999208
1375338478,11.703996832,2925.999208
1375338778,0.0,2925.999208
1375339078,0.0,2925.999208
1375339378,0.0,2925.999208
1375339678,0.0,2925.999208
1375339978,0.0,2925.999208
1375340278,3.901332277333333,2925.999208
1375340578,7.802664554666666,2925.999208
1375340878,0.0,2925.999208
1375341178,0.0,2925.999208
1375341479,0.0,2925.999208
1375341779,11.703996832,2925.999208
1375342079,0.0,2925.999208
1375342379,0.0,2925.999208
1375342679,0.0,2925.999208
1375342979,11.703996832,2925.999208
1375343279,0.0,2925.999208
1375343579,0.0,2925.999208
1375343879,11.703996832,2925.999208
1375344179,0.0,2925.999208
1375344479,0.0,2925.999208
1375344779,0.0,2925.999208
1375345079,11.703996832,2925.999208
1375345379,0.0,2925.999208
1375345679,0.0,2925.999208
1375345979,11.703996832,2925.999208
1375346279,0.0,2925.999208
1375346579,0.0,2925.999208
1375346879,11.703996832,2925.999208
1375347179,0.0,2925.999208
1375347479,0.0,2925.999208
1375347779,0.0,2925.999208
1375348079,11.703996832,2925.999208
1375348379,0.0,2925.999208
1375348679,0.0,2925.999208
1375348979,11.703996832,2925.999208
1375349279,0.0,2925.999208
1375349579,0.0,2925.999208
1375349879,0.0,2925.999208
1375350179,11.703996832,2925.999208
1375350480,0.0,2925.999208
1375350780,0.0,2925.999208
1375351080,11.703996832,2925.999208
1375351380,0.0,2925.999208
1375351680,0.0,2925.999208
1375351980,7.802664554666666,2925.999208
1375352280,3.901332277333333,2925.999208
1375352580,0.0,2925.999208
1375352880,0.0,2925.999208
1375353180,11.703996832,2925.999208
1375353480,0.0,2925.999208
1375353780,0.0,2925.999208
1375354080,11.703996832,2925.999208
1375354380,0.0,2925.999208
1375354680,0.0,2925.999208
1375354980,0.0,2925.999208
1375355280,11.703996832,2925.999208
1375355580,0.0,2925.999208
1375355880,0.0,2925.999208
1375356180,0.0,2925.999208
1375356480,11.703996832,2925.999208
1375356780,0.0,2925.999208
1375357080,0.0,2925.999208
1375357380,11.703996832,2925.999208
1375357680,0.0,2925.999208
1375357980,0.0,2925.999208
1375358280,11.703996832,2925.999208
1375358581,0.0,2925.999208
1375358881,0.0,2925.999208
1375359181,0.0,2925.999208
1375359481,11.703996832,2925.999208
1375359781,0.0,2925.999208
1375360081,0.0,2925.999208
1375360381,9.753330693333334,2925.999208
1375360681,0.0,2925.999208
1375360981,0.0,2925.999208
1375361281,11.703996832,2925.999208
1375361581,0.0,2925.999208
1375361881,0.0,2925.999208
1375362181,0.0,2925.999208
1375362481,11.703996832,2925.999208
1375362781,0.0,2925.999208
1375363081,0.0,2925.999208
1375363381,11.703996832,2925.999208
1375363681,0.0,2925.999208
1375363981,0.0,2925.999208
1375364281,11.703996832,2925.999208
1375364581,0.0,2925.999208
1375364881,0.0,2925.999208
1375365181,11.703996832,2925.999208
1375365481,0.0,2925.999208
1375365781,0.0,2925.999208
1375366081,0.0,2925.999208
1375366382,11.703996832,2925.999208
1375366682,0.0,2925.999208
1375366982,0.0,2925.999208
1375367282,11.703996832,2925.999208
1375367582,0.0,2925.999208
1375367882,0.0,2925.999208
1375368182,0.0,2925.999208
1375368482,11.703996832,2925.999208
1375368782,0.0,2925.999208
1375369082,0.0,2925.999208
1375369382,0.0,2925.999208
1375369681,11.703996832,2925.999208
1375369981,0.0,2925.999208
1375370281,0.0,2925.999208
1375370581,11.703996832,2925.999208
1375370881,0.0,2925.999208
1375371181,0.0,2925.999208
1375371481,0.0,2925.999208
1375371782,0.0,2925.999208
1375372082,0.0,2925.999208
1375372382,0.0,2925.999208
1375372682,0.0,2925.999208
1375372982,11.703996832,2925.999208
1375373282,0.0,2925.999208
1375373582,0.0,2925.999208
1375373882,0.0,2925.999208
1375374182,11.703996832,2925.999208
1375374482,0.0,2925.999208
1375374782,0.0,2925.999208
1375375082,0.0,2925.999208
1375375382,7.802664554666666,2925.999208
1375375682,3.901332277333333,2925.999208
1375375982,0.0,2925.999208
1375376282,0.0,2925.999208
1375376582,9.753330693333334,2925.999208
1375376882,0.0,2925.999208
1375377182,0.0,2925.999208
1375377483,11.703996832,2925.999208
1375377783,0.0,2925.999208
1375378083,0.0,2925.999208
1375378383,0.0,2925.999208
1375378683,0.0,2925.999208
1375378983,11.703996832,2925.999208
1375379283,0.0,2925.999208
1375379583,0.0,2925.999208
1375379883,11.703996832,2925.999208
1375380183,0.0,2925.999208
1375380483,0.0,2925.999208
1375380783,0.0,2925.999208
1375381083,11.703996832,2925.999208
1375381383,0.0,2925.999208
1375381683,0.0,2925.999208
1375381983,11.703996832,2925.999208
1375382283,0.0,2925.999208
1375382583,0.0,2925.999208
1375382883,0.0,2925.999208
1375383183,11.703996832,2925.999208
1375383483,0.0,2925.999208
1375383783,0.0,2925.999208
1375384083,11.703996832,2925.999208
1375384383,0.0,2925.999208
1375384683,0.0,2925.999208
1375384983,11.703996832,2925.999208
1375385283,0.0,2925.999208
1375385583,0.0,2925.999208
1375385883,0.0,2925.999208
1375386184,0.0,2925.999208
1375386484,0.0,2925.999208
1375386784,11.703996832,2925.999208
1375387084,0.0,2925.999208
1375387384,0.0,2925.999208
1375387684,3.901332277333333,2925.999208
1375387984,7.802664554666666,2925.999208
1375388284,0.0,2925.999208
1375388584,0.0,2925.999208
1375388884,11.703996832,2925.999208
1375389184,0.0,2925.999208
1375389484,0.0,2925.999208
1375389784,0.0,2925.999208
1375390084,0.0,2925.999208
1375390384,0.0,2925.999208
1375390684,0.0,2925.999208
1375390984,11.703996832,2925.999208
1375391284,0.0,2925.999208
1375391584,0.0,2925.999208
1375391884,0.0,2925.999208
1375392184,11.703996832,2925.999208
1375392484,0.0,2925.999208
1375392784,0.0,2925.999208
1375393084,11.703996832,2925.999208
1375393384,0.0,2925.999208
1375393684,0.0,2925.999208
1375393984,0.0,2925.999208
1375394284,11.703996832,2925.999208
1375394584,0.0,2925.999208
1375394884,0.0,2925.999208
1375395185,0.0,2925.999208
1375395485,11.703996832,2925.999208
1375395785,0.0,2925.999208
1375396085,0.0,2925.999208
1375396385,0.0,2925.999208
1375396685,11.703996832,2925.999208
1375396985,0.0,2925.999208
1375397285,0.0,2925.999208
1375397585,11.703996832,2925.999208
1375397885,0.0,2925.999208
1375398185,0.0,2925.999208
1375398485,0.0,2925.999208
1375398785,11.703996832,2925.999208
1375399085,0.0,2925.999208
1375399385,0.0,2925.999208
1375399685,11.703996832,2925.999208
1375399985,0.0,2925.999208
1375400285,0.0,2925.999208
1375400585,0.0,2925.999208
1375400885,11.703996832,2925.999208
1375401185,0.0,2925.999208
1375401485,0.0,2925.999208
1375401785,0.0,2925.999208
1375402085,11.703996832,2925.999208
1375402385,0.0,2925.999208
1375402685,0.0,2925.999208
1375402985,7.802664554666666,2925.999208
1375403285,3.901332277333333,2925.999208
1375403585,0.0,2925.999208
1375403885,0.0,2925.999208
1375404185,11.703996832,2925.999208
1375404485,0.0,2925.999208
1375404785,0.0,2925.999208
1375405085,11.703996832,2925.999208
1375405385,0.0,2925.999208
1375405685,0.0,2925.999208
1375405985,0.0,2925.999208
1375406285,7.802664554666666,2925.999208
1375406585,3.901332277333333,2925.999208
1375406885,0.0,2925.999208
1375407185,0.0,2925.999208
1375407485,11.703996832,2925.999208
1375407785,0.0,2925.999208
1375408085,0.0,2925.999208
1375408385,0.0,2925.999208
1375408685,0.0,2925.999208
1375408985,0.0,2925.999208
1375409285,0.0,2925.999208
1375409585,11.703996832,2925.999208
1375409885,0.0,2925.999208
1375410185,0.0,2925.999208
1375410485,0.0,2925.999208
1375410785,3.901332277333333,2925.999208
1375411085,7.802664554666666,2925.999208
1375411385,0.0,2925.999208
1375411686,0.0,2925.999208
1375411986,0.0,2925.999208
1375412286,0.0,2925.999208
1375412586,0.0,2925.999208
1375412886,0.0,2925.999208
1375413186,0.0,2925.999208
1375413486,0.0,2925.999208
1375413786,0.0,2925.999208
1375414086,11.703996832,2925.999208
1375414386,0.0,2925.999208
1375414686,0.0,2925.999208
1375414986,11.703996832,2925.999208
1375415286,0.0,2925.999208
1375415586,0.0,2925.999208
1375415886,0.0,2925.999208
1375416186,11.703996832,2925.999208
1375416486,0.0,2925.999208
1375416786,0.0,2925.999208
1375417086,11.703996832,2925.999208
1375417386,0.0,2925.999208
1375417686,0.0,2925.999208
1375417986,0.0,2925.999208
1375418286,0.0,2925.999208
1375418586,0.0,2925.999208
1375418886,0.0,2925.999208
1375419186,0.0,2925.999208
1375419486,11.703996832,2925.999208
1375419786,0.0,2925.999208
1375420086,0.0,2925.999208
1375420386,11.703996832,2925.999208
1375420686,0.0,2925.999208
1375420986,0.0,2925.999208
1375421286,0.0,2925.999208
1375421587,11.703996832,2925.999208
1375421887,0.0,2925.999208
1375422187,0.0,2925.999208
1375422487,3.901332277333333,2925.999208
1375422787,7.802664554666666,2925.999208
1375423087,0.0,2925.999208
1375423387,0.0,2925.999208
1375423687,3.901332277333333,2925.999208
1375423987,7.802664554666666,2925.999208
1375424287,0.0,2925.999208
1375424587,0.0,2925.999208
1375424887,11.703996832,2925.999208
1375425187,0.0,2925.999208
1375425487,0.0,2925.999208
1375425787,0.0,2925.999208
1375426087,11.703996832,2925.999208
1375426387,0.0,2925.999208
1375426687,0.0,2925.999208
1375426987,11.703996832,2925.999208
1375427287,0.0,2925.999208
1375427587,0.0,2925.999208
1375427887,11.703996832,2925.999208
1375428187,0.0,2925.999208
1375428487,0.0,2925.999208
1375428787,0.0,2925.999208
1375429087,7.802664554666666,2925.999208
1375429387,3.901332277333333,2925.999208
1375429687,0.0,2925.999208
1375429987,0.0,2925.999208
1375430287,11.703996832,2925.999208
1375430588,0.0,2925.999208
1375430888,0.0,2925.999208
1375431188,0.0,2925.999208
1375431488,11.703996832,2925.999208
1375431788,0.0,2925.999208
1375432088,0.0,2925.999208
1375432388,0.0,2925.999208
1375432688,11.703996832,2925.999208
1375432988,0.0,2925.999208
1375433288,0.0,2925.999208
1375433588,0.0,2925.999208
1375433888,11.703996832,2925.999208
1375434188,0.0,2925.999208
1375434488,0.0,2925.999208
1375434788,0.0,2925.999208
1375435088,11.703996832,2925.999208
1375435388,0.0,2925.999208
1375435688,0.0,2925.999208
1375435988,11.703996832,2925.999208
1375436288,0.0,2925.999208
1375436588,0.0,2925.999208
1375436888,0.0,2925.999208
1375437188,0.0,2925.999208
1375437488,11.703996832,2925.999208
1375437788,0.0,2925.999208
1375438088,0.0,2925.999208
1375438388,11.703996832,2925.999208
1375438688,0.0,2925.999208
1375438988,0.0,2925.999208
1375439288,0.0,2925.999208
1375439588,11.703996832,2925.999208
1375439888,0.0,2925.999208
1375440188,0.0,2925.999208
1375440488,11.703996832,2925.999208
1375440788,0.0,2925.999208
1375441088,0.0,2925.999208
1375441388,0.0,2925.999208
1375441688,0.0,2925.999208
1375441988,0.0,2925.999208
1375442288,0.0,2925.999208
1375442588,11.703996832,2925.999208
1375442888,0.0,2925.999208
1375443188,0.0,2925.999208
1375443488,11.703996832,2925.999208
1375443788,0.0,2925.999208
1375444088,0.0,2925.999208
1375444388,0.0,2925.999208
1375444688,7.802664554666666,2925.999208
1375444988,3.901332277333333,2925.999208
1375445288,0.0,2925.999208
1375445588,0.0,2925.999208
1375445888,11.703996832,2925.999208
1375446189,0.0,2925.999208
1375446489,0.0,2925.999208
1375446789,11.703996832,2925.999208
1375447089,0.0,2925.999208
1375447389,0.0,2925.999208
1375447689,11.703996832,2925.999208
1375447989,0.0,2925.999208
1375448289,0.0,2925.999208
1375448589,0.0,2925.999208
1375448889,11.703996832,2925.999208
1375449189,0.0,2925.999208
1375449489,0.0,2925.999208
1375449789,11.703996832,2925.999208
1375450089,0.0,2925.999208
1375450389,0.0,2925.999208
1375450689,11.703996832,2925.999208
1375450989,0.0,2925.999208
1375451289,0.0,2925.999208
1375451589,11.703996832,2925.999208
1375451889,0.0,2925.999208
1375452189,0.0,2925.999208
1375452489,11.703996832,2925.999208
1375452789,0.0,2925.999208
1375454668,11.703996832,2925.999208
1375454969,0.0,2925.999208
1375455269,0.0,2925.999208
1375455569,11.703996832,2925.999208
1375455869,0.0,2925.999208
1375456169,0.0,2925.999208
1375456469,0.0,2925.999208
1375456769,11.703996832,2925.999208
1375457069,0.0,2925.999208
1375457369,0.0,2925.999208
1375457669,11.703996832,2925.999208
1375457969,0.0,2925.999208
1375458269,0.0,2925.999208
1375458569,11.703996832,2925.999208
1375458869,0.0,2925.999208
1375459169,0.0,2925.999208
1375459469,0.0,2925.999208
1375459769,11.703996832,2925.999208
1375460069,0.0,2925.999208
1375460369,0.0,2925.999208
1375460669,11.703996832,2925.999208
1375460969,0.0,2925.999208
1375461269,0.0,2925.999208
1375461569,0.0,2925.999208
1375461869,11.703996832,2925.999208
1375462169,0.0,2925.999208
1375462469,0.0,2925.999208
1375462770,11.703996832,2925.999208
1375463070,0.0,2925.999208
1375463370,0.0,2925.999208
1375463670,0.0,2925.999208
1375463970,11.703996832,2925.999208
1375464270,0.0,2925.999208
1375464570,0.0,2925.999208
1375464870,11.703996832,2925.999208
1375465170,0.0,2925.999208
1375465470,0.0,2925.999208
1375465770,11.703996832,2925.999208
1375466070,0.0,2925.999208
1375466370,0.0,2925.999208
1375466670,0.0,2925.999208
1375466970,11.703996832,2925.999208
1375467270,0.0,2925.999208
1375467570,0.0,2925.999208
1375467870,11.703996832,2925.999208
1375468170,0.0,2925.999208
1375468470,0.0,2925.999208
1375468770,11.703996832,2925.999208
1375469070,0.0,2925.999208
1375469370,0.0,2925.999208
1375469670,11.703996832,2925.999208
1375469970,0.0,2925.999208
1375470270,0.0,2925.999208
1375470570,0.0,2925.999208
1375470870,11.703996832,2925.999208
1375471170,0.0,2925.999208
1375471470,0.0,2925.999208
1375471771,0.0,2925.999208
1375472071,11.703996832,2925.999208
1375472371,0.0,2925.999208
1375472671,0.0,2925.999208
1375472971,0.0,2925.999208
1375473271,11.703996832,2925.999208
1375473571,0.0,2925.999208
1375473871,0.0,2925.999208
1375474171,0.0,2925.999208
1375474471,11.703996832,2925.999208
1375474771,0.0,2925.999208
1375475071,0.0,2925.999208
1375475371,11.703996832,2925.999208
1375475671,0.0,2925.999208
1375475971,0.0,2925.999208
1375476271,0.0,2925.999208
1375476571,11.703996832,2925.999208
1375476871,0.0,2925.999208
1375477171,0.0,2925.999208
1375477471,0.0,2925.999208
1375477771,11.703996832,2925.999208
1375478071,0.0,2925.999208
1375478371,0.0,2925.999208
1375478671,11.703996832,2925.999208
1375478971,0.0,2925.999208
1375479271,0.0,2925.999208
1375479571,11.703996832,2925.999208
1375479871,0.0,2925.999208
1375480171,0.0,2925.999208
1375480471,0.0,2925.999208
1375480772,11.703996832,2925.999208
1375481074,0.0,2925.999208
1375481374,0.0,2925.999208
1375481675,0.0,2925.999208
1375481975,12.539996605714286,2925.999208
1375482275,0.0,2925.999208
1375482575,0.0,2925.999208
1375482875,0.0,2925.999208
1375483175,0.0,2925.999208
1375483475,0.0,2925.999208
1375483775,0.0,2925.999208
1375484075,0.0,2925.999208
1375484375,0.0,2925.999208
1375484675,11.703996832,2925.999208
1375484975,0.0,2925.999208
1375485275,0.0,2925.999208
1375485575,0.0,2925.999208
1375485875,11.703996832,2925.999208
1375486175,0.0,2925.999208
1375486475,7.802664554666666,2925.999208
1375486775,3.901332277333333,2925.999208
1375487075,0.0,2925.999208
1375487375,0.0,2925.999208
1375487675,0.0,2925.999208
1375487975,0.0,2925.999208
1375488275,0.0,2925.999208
1375488575,7.802664554666666,2925.999208
1375488875,3.901332277333333,2925.999208
1375489175,0.0,2925.999208
1375489475,11.703996832,2925.999208
1375489775,0.0,2925.999208
1375490075,0.0,2925.999208
1375490375,0.0,2925.999208
1375490675,0.0,2925.999208
1375490975,11.703996832,2925.999208
1375491275,0.0,2925.999208
1375491575,0.0,2925.999208
1375491875,11.703996832,2925.999208
1375492175,0.0,2925.999208
1375492475,0.0,2925.999208
1375492775,0.0,2925.999208
1375493075,11.703996832,2925.999208
1375493375,0.0,2925.999208
1375493675,0.0,2925.999208
1375493975,11.703996832,2925.999208
1375494275,0.0,2925.999208
1375494575,0.0,2925.999208
1375494876,11.703996832,2925.999208
1375495176,0.0,2925.999208
1375495476,0.0,2925.999208
1375495776,11.703996832,2925.999208
1375496076,0.0,2925.999208
1375496376,0.0,2925.999208
1375496676,11.703996832,2925.999208
1375496976,0.0,2925.999208
1375497276,0.0,2925.999208
1375497576,0.0,2925.999208
1375497876,11.703996832,2925.999208
1375498176,0.0,2925.999208
1375498476,0.0,2925.999208
1375498776,11.703996832,2925.999208
1375499076,0.0,2925.999208
1375499376,0.0,2925.999208
1375499676,0.0,2925.999208
1375499976,11.703996832,2925.999208
1375500276,0.0,2925.999208
1375500576,0.0,2925.999208
1375500876,0.0,2925.999208
1375501176,0.0,2925.999208
1375501476,0.0,2925.999208
1375501776,0.0,2925.999208
1375502076,0.0,2925.999208
1375502376,11.703996832,2925.999208
1375502676,0.0,2925.999208
1375502976,0.0,2925.999208
1375503276,0.0,2925.999208
1375503576,11.703996832,2925.999208
1375503877,0.0,2925.999208
1375504177,0.0,2925.999208
1375504477,0.0,2925.999208
1375504777,11.703996832,2925.999208
1375505077,0.0,2925.999208
1375505377,0.0,2925.999208
1375505677,0.0,2925.999208
1375505977,0.0,2925.999208
1375506277,0.0,2925.999208
1375506577,0.0,2925.999208
1375506877,11.703996832,2925.999208
1375507177,0.0,2925.999208
1375507477,0.0,2925.999208
1375507777,11.703996832,2925.999208
1375508077,0.0,2925.999208
1375508377,0.0,2925.999208
1375508677,7.802664554666666,2925.999208
1375508977,3.901332277333333,2925.999208
1375509277,0.0,2925.999208
1375509577,11.703996832,2925.999208
1375509877,0.0,2925.999208
1375510177,0.0,2925.999208
1375510477,0.0,2925.999208
1375510777,11.703996832,2925.999208
1375511077,0.0,2925.999208
1375511377,0.0,2925.999208
1375511677,0.0,2925.999208
1375511977,11.703996832,2925.999208
1375512277,0.0,2925.999208
1375512577,0.0,2925.999208
1375512877,11.703996832,2925.999208
1375513177,0.0,2925.999208
1375513477,0.0,2925.999208
1375513777,0.0,2925.999208
1375514077,0.0,2925.999208
1375514377,0.0,2925.999208
1375514677,0.0,2925.999208
1375514977,0.0,2925.999208
1375515277,11.703996832,2925.999208
1375515577,0.0,2925.999208
1375515878,0.0,2925.999208
1375516178,11.703996832,2925.999208
1375516478,0.0,2925.999208
1375516778,0.0,2925.999208
1375517078,0.0,2925.999208
1375517378,0.0,2925.999208
1375517678,0.0,2925.999208
1375517978,0.0,2925.999208
1375518278,0.0,2925.999208
1375518578,11.703996832,2925.999208
1375518878,0.0,2925.999208
1375519178,0.0,2925.999208
1375519478,11.703996832,2925.999208
1375519778,0.0,2925.999208
1375520078,0.0,2925.999208
1375520378,11.703996832,2925.999208
1375520678,0.0,2925.999208
1375520978,0.0,2925.999208
1375521278,0.0,2925.999208
1375521578,11.703996832,2925.999208
1375521878,0.0,2925.999208
1375522178,0.0,2925.999208
1375522478,0.0,2925.999208
1375522778,11.703996832,2925.999208
1375523078,0.0,2925.999208
1375523378,0.0,2925.999208
1375523678,0.0,2925.999208
1375523978,11.703996832,2925.999208
1375524278,0.0,2925.999208
1375524578,0.0,2925.999208
1375524878,11.703996832,2925.999208
1375525178,0.0,2925.999208
1375525478,0.0,2925.999208
1375525778,3.901332277333333,2925.999208
1375526079,7.802664554666666,2925.999208
1375526379,0.0,2925.999208
1375526679,0.0,2925.999208
1375526979,9.753330693333334,2925.999208
1375527279,0.0,2925.999208
1375527579,0.0,2925.999208
1375527879,7.802664554666666,2925.999208
1375528179,3.901332277333333,2925.999208
1375528479,0.0,2925.999208
1375528779,0.0,2925.999208
1375529079,11.703996832,2925.999208
1375529379,0.0,2925.999208
1375529679,0.0,2925.999208
1375529979,0.0,2925.999208
1375530279,11.703996832,2925.999208
1375530579,0.0,2925.999208
1375530879,0.0,2925.999208
1375531179,11.703996832,2925.999208
1375531479,0.0,2925.999208
1375531779,0.0,2925.999208
1375532079,0.0,2925.999208
1375532379,11.703996832,2925.999208
1375532679,0.0,2925.999208
1375532979,0.0,2925.999208
1375533279,11.703996832,2925.999208
1375533579,0.0,2925.999208
1375533879,0.0,2925.999208
1375534179,11.703996832,2925.999208
1375534479,0.0,2925.999208
1375534779,0.0,2925.999208
1375535079,11.703996832,2925.999208
1375535379,0.0,2925.999208
1375535679,0.0,2925.999208
1375535979,0.0,2925.999208
1375536279,11.703996832,2925.999208
1375536579,0.0,2925.999208
1375536880,0.0,2925.999208
1375537180,11.703996832,2925.999208
1375537480,0.0,2925.999208
1375537780,0.0,2925.999208
1375538080,3.901332277333333,2925.999208
1375538380,7.802664554666666,2925.999208
1375538680,0.0,2925.999208
1375538980,0.0,2925.999208
1375539280,7.802664554666666,2925.999208
1375539580,3.901332277333333,2925.999208
1375539880,0.0,2925.999208
1375540180,3.901332277333333,2925.999208
1375540480,7.802664554666666,2925.999208
1375540780,0.0,2925.999208
1375541080,0.0,2925.999208
1375541380,0.0,2925.999208
1375541680,0.0,2925.999208
1375541980,0.0,2925.999208
1375542280,9.753330693333334,2925.999208
1375542580,1.9506661386666664,2925.999208
1375542880,0.0,2925.999208
1375543180,0.0,2925.999208
1375543480,11.703996832,2925.999208
1375543780,0.0,2925.999208
1375544080,0.0,2925.999208
1375544380,11.703996832,2925.999208
1375544680,0.0,2925.999208
1375544980,0.0,2925.999208
1375545280,11.703996832,2925.999208
1375545580,0.0,2925.999208
1375545880,0.0,2925.999208
1375546180,0.0,2925.999208
1375546480,7.802664554666666,2925.999208
1375546780,3.901332277333333,2925.999208
1375547080,0.0,2925.999208
1375547380,7.802664554666666,2925.999208
1375547681,3.901332277333333,2925.999208
1375547981,0.0,2925.999208
1375548281,0.0,2925.999208
1375548581,0.0,2925.999208
1375548881,0.0,2925.999208
1375549181,0.0,2925.999208
1375549481,11.703996832,2925.999208
1375549781,0.0,2925.999208
1375550081,0.0,2925.999208
1375550381,11.703996832,2925.999208
1375550681,0.0,2925.999208
1375550981,0.0,2925.999208
1375551281,0.0,2925.999208
1375551581,0.0,2925.999208
1375551881,0.0,2925.999208
1375552181,0.0,2925.999208
1375552481,0.0,2925.999208
1375552781,0.0,2925.999208
1375553081,11.703996832,2925.999208
1375553381,0.0,2925.999208
1375553681,0.0,2925.999208
1375553981,0.0,2925.999208
1375554281,0.0,2925.999208
1375554581,3.901332277333333,2925.999208
1375554881,7.802664554666666,2925.999208
1375555181,0.0,2925.999208
1375555481,0.0,2925.999208
1375555781,11.703996832,2925.999208
1375556081,0.0,2925.999208
1375556381,0.0,2925.999208
1375556681,11.703996832,2925.999208
1375556981,0.0,2925.999208
1375557282,0.0,2925.999208
1375557582,0.0,2925.999208
1375557882,11.703996832,2925.999208
1375558182,0.0,2925.999208
1375558482,0.0,2925.999208
1375558782,11.703996832,2925.999208
1375559082,0.0,2925.999208
1375559382,0.0,2925.999208
1375559682,11.703996832,2925.999208
1375559982,0.0,2925.999208
1375560282,0.0,2925.999208
1375560582,11.703996832,2925.999208
1375560882,0.0,2925.999208
1375561182,0.0,2925.999208
1375561482,11.703996832,2925.999208
1375561782,0.0,2925.999208
1375562082,0.0,2925.999208
1375562382,0.0,2925.999208
1375562682,0.0,2925.999208
1375562982,0.0,2925.999208
1375563282,0.0,2925.999208
1375563582,0.0,2925.999208
1375563882,11.703996832,2925.999208
1375564182,0.0,2925.999208
1375564482,3.901332277333333,2925.999208
1375564782,7.802664554666666,2925.999208
1375565082,0.0,2925.999208
1375565382,0.0,2925.999208
1375565682,11.703996832,2925.999208
1375565982,0.0,2925.999208
1375566282,0.0,2925.999208
1375566582,11.703996832,2925.999208
1375566882,0.0,2925.999208
1375567182,0.0,2925.999208
1375567483,0.0,2925.999208
1375567783,0.0,2925.999208
1375568083,11.703996832,2925.999208
1375568383,0.0,2925.999208
1375568683,0.0,2925.999208
1375568983,0.0,2925.999208
1375569283,0.0,2925.999208
1375569583,0.0,2925.999208
1375569883,0.0,2925.999208
1375570183,11.703996832,2925.999208
1375570483,0.0,2925.999208
1375570784,0.0,2925.999208
1375571084,3.901332277333333,2925.999208
1375571384,7.802664554666666,2925.999208
1375571684,0.0,2925.999208
1375571984,0.0,2925.999208
1375572284,9.753330693333334,2925.999208
1375572584,0.0,2925.999208
1375572884,0.0,2925.999208
1375573184,3.901332277333333,2925.999208
1375573484,7.802664554666666,2925.999208
1375573784,0.0,2925.999208
1375574084,11.703996832,2925.999208
1375574384,0.0,2925.999208
1375574684,0.0,2925.999208
1375574984,0.0,2925.999208
1375575284,0.0,2925.999208
1375575584,11.703996832,2925.999208
1375575884,0.0,2925.999208
1375576184,0.0,2925.999208
1375576484,11.703996832,2925.999208
1375576784,0.0,2925.999208
1375577084,0.0,2925.999208
1375577384,0.0,2925.999208
1375577684,11.703996832,2925.999208
1375577984,0.0,2925.999208
1375578284,0.0,2925.999208
1375578584,0.0,2925.999208
1375578884,0.0,2925.999208
1375579184,0.0,2925.999208
1375579484,11.703996832,2925.999208
1375579784,0.0,2925.999208
1375580084,0.0,2925.999208
1375580384,0.0,2925.999208
1375580684,11.703996832,2925.999208
1375580984,0.0,2925.999208
1375581284,0.0,2925.999208
1375581584,0.0,2925.999208
1375581884,0.0,2925.999208
1375582184,11.703996832,2925.999208
1375582484,0.0,2925.999208
1375582784,0.0,2925.999208
1375583084,11.703996832,2925.999208
1375583384,0.0,2925.999208
1375583684,0.0,2925.999208
1375583984,11.703996832,2925.999208
1375584284,0.0,2925.999208
1375584584,0.0,2925.999208
1375584884,0.0,2925.999208
1375585184,11.703996832,2925.999208
1375585484,0.0,2925.999208
1375585784,0.0,2925.999208
1375586084,0.0,2925.999208
1375586384,11.703996832,2925.999208
1375586684,0.0,2925.999208
1375586984,0.0,2925.999208
1375587284,11.703996832,2925.999208
1375587584,0.0,2925.999208
1375587884,0.0,2925.999208
1375588184,0.0,2925.999208
1375588484,11.703996832,2925.999208
1375588785,0.0,2925.999208
1375589085,0.0,2925.999208
1375589385,0.0,2925.999208
1375589685,0.0,2925.999208
1375589985,0.0,2925.999208
1375590285,11.703996832,2925.999208
1375590585,0.0,2925.999208
1375590885,0.0,2925.999208
1375591185,0.0,2925.999208
1375591485,11.703996832,2925.999208
1375591785,0.0,2925.999208
1375592085,0.0,2925.999208
1375592385,11.703996832,2925.999208
1375592685,0.0,2925.999208
1375592985,0.0,2925.999208
1375593285,0.0,2925.999208
1375593585,11.703996832,2925.999208
1375593885,0.0,2925.999208
1375594185,0.0,2925.999208
1375594485,0.0,2925.999208
1375594785,11.703996832,2925.999208
1375595085,0.0,2925.999208
1375595385,0.0,2925.999208
1375595685,0.0,2925.999208
1375595985,0.0,2925.999208
1375596285,0.0,2925.999208
1375596585,0.0,2925.999208
1375596885,11.703996832,2925.999208
1375597185,0.0,2925.999208
1375597485,0.0,2925.999208
1375597785,0.0,2925.999208
1375598085,11.703996832,2925.999208
1375598385,0.0,2925.999208
1375598685,0.0,2925.999208
1375598985,11.703996832,2925.999208
1375599286,0.0,2925.999208
1375599586,0.0,2925.999208
1375599886,11.703996832,2925.999208
1375600186,0.0,2925.999208
1375600486,0.0,2925.999208
1375600786,0.0,2925.999208
1375601086,11.703996832,2925.999208
1375601386,0.0,2925.999208
1375601686,0.0,2925.999208
1375601986,11.703996832,2925.999208
1375602286,0.0,2925.999208
1375602586,0.0,2925.999208
1375602886,11.703996832,2925.999208
1375603186,0.0,2925.999208
1375603486,0.0,2925.999208
1375603786,11.703996832,2925.999208
1375604086,0.0,2925.999208
1375604386,0.0,2925.999208
1375604686,11.703996832,2925.999208
1375604986,0.0,2925.999208
1375605286,0.0,2925.999208
1375605586,11.703996832,2925.999208
1375605886,0.0,2925.999208
1375606186,0.0,2925.999208
1375606486,0.0,2925.999208
1375606786,11.703996832,2925.999208
1375607086,0.0,2925.999208
1375607386,0.0,2925.999208
1375607686,11.703996832,2925.999208
1375607986,0.0,2925.999208
1375608286,0.0,2925.999208
1375608587,0.0,2925.999208
1375608887,11.703996832,2925.999208
1375609187,0.0,2925.999208
1375609487,0.0,2925.999208
1375609787,0.0,2925.999208
1375610087,11.703996832,2925.999208
1375610387,0.0,2925.999208
1375610687,0.0,2925.999208
1375610987,11.703996832,2925.999208
1375611287,0.0,2925.999208
1375611587,0.0,2925.999208
1375611887,3.901332277333333,2925.999208
1375612187,7.802664554666666,2925.999208
1375612487,0.0,2925.999208
1375612787,0.0,2925.999208
1375613087,11.703996832,2925.999208
1375613387,0.0,2925.999208
1375613687,0.0,2925.999208
1375613987,0.0,2925.999208
1375614287,11.703996832,2925.999208
1375614587,0.0,2925.999208
1375614887,0.0,2925.999208
1375615187,7.802664554666666,2925.999208
1375615487,3.901332277333333,2925.999208
1375615787,0.0,2925.999208
1375616087,0.0,2925.999208
1375616387,11.703996832,2925.999208
1375616687,0.0,2925.999208
1375616987,0.0,2925.999208
1375617287,0.0,2925.999208
1375617587,11.703996832,2925.999208
1375617887,0.0,2925.999208
1375618187,0.0,2925.999208
1375618487,11.703996832,2925.999208
1375618787,0.0,2925.999208
1375619087,0.0,2925.999208
1375619387,11.703996832,2925.999208
1375619687,0.0,2925.999208
1375619987,0.0,2925.999208
1375620287,11.703996832,2925.999208
1375620587,0.0,2925.999208
1375620887,0.0,2925.999208
1375621187,11.703996832,2925.999208
1375621487,0.0,2925.999208
1375621787,0.0,2925.999208
1375622087,0.0,2925.999208
1375622387,7.802664554666666,2925.999208
1375622688,3.901332277333333,2925.999208
1375622988,0.0,2925.999208
1375623288,0.0,2925.999208
1375623588,11.703996832,2925.999208
1375623888,0.0,2925.999208
1375624188,0.0,2925.999208
1375624488,11.703996832,2925.999208
1375624788,0.0,2925.999208
1375625088,0.0,2925.999208
1375625388,3.901332277333333,2925.999208
1375625688,7.802664554666666,2925.999208
1375625988,0.0,2925.999208
1375626288,0.0,2925.999208
1375626588,11.703996832,2925.999208
1375626888,0.0,2925.999208
1375627188,0.0,2925.999208
1375627488,11.703996832,2925.999208
1375627788,0.0,2925.999208
1375628088,0.0,2925.999208
1375628388,0.0,2925.999208
1375628688,0.0,2925.999208
1375628988,0.0,2925.999208
1375629288,0.0,2925.999208
1375629588,11.703996832,2925.999208
1375629888,0.0,2925.999208
1375630188,0.0,2925.999208
1375630488,0.0,2925.999208
1375630788,7.802664554666666,2925.999208
1375631088,3.901332277333333,2925.999208
1375631388,0.0,2925.999208
1375631688,0.0,2925.999208
1375631988,11.703996832,2925.999208
1375632288,0.0,2925.999208
1375632588,0.0,2925.999208
1375632888,0.0,2925.999208
1375633188,11.703996832,2925.999208
1375633488,0.0,2925.999208
1375633788,0.0,2925.999208
1375634088,0.0,2925.999208
1375634388,11.703996832,2925.999208
1375634688,0.0,2925.999208
1375634988,0.0,2925.999208
1375635288,0.0,2925.999208
1375635588,0.0,2925.999208
1375635888,0.0,2925.999208
1375636188,0.0,2925.999208
1375636489,0.0,2925.999208
1375636789,0.0,2925.999208
1375637089,0.0,2925.999208
1375637389,0.0,2925.999208
1375637689,13.654662970666664,2925.999208
1375637989,0.0,2925.999208
1375638289,0.0,2925.999208
1375638589,11.703996832,2925.999208
1375638889,0.0,2925.999208
1375639189,0.0,2925.999208
1375639489,0.0,2925.999208
1375639789,11.703996832,2925.999208
1375640089,0.0,2925.999208
1375640389,0.0,2925.999208
1375640689,0.0,2925.999208
1375640989,11.703996832,2925.999208
1375641289,0.0,2925.999208
1375641589,0.0,2925.999208
1375641889,0.0,2925.999208
1375642189,11.703996832,2925.999208
1375642489,0.0,2925.999208
1375642789,0.0,2925.999208
1375643089,11.703996832,2925.999208
1375643389,0.0,2925.999208
1375643689,0.0,2925.999208
1375643989,11.703996832,2925.999208
1375644289,0.0,2925.999208
1375644589,0.0,2925.999208
1375644889,0.0,2925.999208
1375645189,0.0,2925.999208
1375645489,13.654662970666664,2925.999208
1375645789,0.0,2925.999208
1375646089,0.0,2925.999208
1375646389,11.703996832,2925.999208
1375646689,0.0,2925.999208
1375646989,0.0,2925.999208
1375647289,0.0,2925.999208
1375647589,11.703996832,2925.999208
1375647889,0.0,2925.999208
1375648189,0.0,2925.999208
1375648489,11.703996832,2925.999208
1375648789,0.0,2925.999208
1375649089,0.0,2925.999208
1375649390,3.901332277333333,2925.999208
1375649690,7.802664554666666,2925.999208
1375649990,0.0,2925.999208
1375650290,0.0,2925.999208
1375650590,11.703996832,2925.999208
1375650890,0.0,2925.999208
1375651190,0.0,2925.999208
1375651490,0.0,2925.999208
1375651790,0.0,2925.999208
1375652090,0.0,2925.999208
1375652390,0.0,2925.999208
1375652690,0.0,2925.999208
1375652990,11.703996832,2925.999208
1375653290,0.0,2925.999208
1375653590,0.0,2925.999208
1375653891,0.0,2925.999208
1375654191,11.703996832,2925.999208
1375654491,0.0,2925.999208
1375654791,0.0,2925.999208
1375655091,0.0,2925.999208
1375655391,11.703996832,2925.999208
1375655691,0.0,2925.999208
1375655991,3.901332277333333,2925.999208
1375656291,7.802664554666666,2925.999208
1375656591,0.0,2925.999208
1375656891,0.0,2925.999208
1375657191,11.703996832,2925.999208
1375657491,0.0,2925.999208
1375657791,0.0,2925.999208
1375658091,0.0,2925.999208
1375658391,7.802664554666666,2925.999208
1375658691,3.901332277333333,2925.999208
1375658991,0.0,2925.999208
1375659291,0.0,2925.999208
1375659591,11.703996832,2925.999208
1375659891,0.0,2925.999208
1375660191,0.0,2925.999208
1375660491,11.703996832,2925.999208
1375660791,0.0,2925.999208
1375661091,0.0,2925.999208
1375661391,11.703996832,2925.999208
1375661691,0.0,2925.999208
1375661991,0.0,2925.999208
1375662291,0.0,2925.999208
1375662591,0.0,2925.999208
1375662891,11.703996832,2925.999208
1375663191,0.0,2925.999208
1375663491,0.0,2925.999208
1375663791,11.703996832,2925.999208
1375664091,0.0,2925.999208
1375664391,0.0,2925.999208
1375664692,11.703996832,2925.999208
1375664992,0.0,2925.999208
1375665292,0.0,2925.999208
1375665592,11.703996832,2925.999208
1375665892,0.0,2925.999208
1375666192,0.0,2925.999208
1375666492,0.0,2925.999208
1375666792,0.0,2925.999208
1375667092,0.0,2925.999208
1375667392,11.703996832,2925.999208
1375667692,0.0,2925.999208
1375667992,0.0,2925.999208
1375668292,0.0,2925.999208
1375668592,0.0,2925.999208
1375668892,0.0,2925.999208
1375669192,0.0,2925.999208
1375669492,11.703996832,2925.999208
1375669792,0.0,2925.999208
1375670092,0.0,2925.999208
1375670392,0.0,2925.999208
1375670692,11.703996832,2925.999208
1375670992,0.0,2925.999208
1375671292,0.0,2925.999208
1375671592,0.0,2925.999208
1375671892,11.703996832,2925.999208
1375672192,0.0,2925.999208
1375672492,0.0,2925.999208
1375672792,0.0,2925.999208
1375673092,11.703996832,2925.999208
1375673392,0.0,2925.999208
1375673692,0.0,2925.999208
1375673992,0.0,2925.999208
1375674292,11.703996832,2925.999208
1375674592,0.0,2925.999208
1375674892,0.0,2925.999208
1375675192,11.703996832,2925.999208
1375675492,0.0,2925.999208
1375675792,0.0,2925.999208
1375676093,0.0,2925.999208
1375676393,0.0,2925.999208
1375676693,11.703996832,2925.999208
1375676993,0.0,2925.999208
1375677293,0.0,2925.999208
1375677593,11.703996832,2925.999208
1375677893,0.0,2925.999208
1375678192,0.0,2925.999208
1375678492,11.703996832,2925.999208
1375678792,0.0,2925.999208
1375679092,0.0,2925.999208
1375679392,0.0,2925.999208
1375679692,11.703996832,2925.999208
1375679992,0.0,2925.999208
1375680292,0.0,2925.999208
1375680592,11.703996832,2925.999208
1375680892,0.0,2925.999208
1375681192,0.0,2925.999208
1375681492,0.0,2925.999208
1375681792,11.703996832,2925.999208
1375682092,0.0,2925.999208
1375682392,0.0,2925.999208
1375682692,0.0,2925.999208
1375682992,11.703996832,2925.999208
1375683292,0.0,2925.999208
1375683593,0.0,2925.999208
1375683893,0.0,2925.999208
1375684193,0.0,2925.999208
1375684493,0.0,2925.999208
1375684793,0.0,2925.999208
1375685093,0.0,2925.999208
1375685393,0.0,2925.999208
1375685693,0.0,2925.999208
1375685993,0.0,2925.999208
1375686293,11.703996832,2925.999208
1375686593,0.0,2925.999208
1375686893,0.0,2925.999208
1375687193,11.703996832,2925.999208
1375687493,0.0,2925.999208
1375687793,0.0,2925.999208
1375688093,11.703996832,2925.999208
1375688393,0.0,2925.999208
1375688693,0.0,2925.999208
1375688993,0.0,2925.999208
1375689293,11.703996832,2925.999208
1375689593,0.0,2925.999208
1375689893,0.0,2925.999208
1375690193,1.9506661386666664,2925.999208
1375690493,9.753330693333334,2925.999208
1375690793,0.0,2925.999208
1375691093,0.0,2925.999208
1375691393,0.0,2925.999208
1375691693,0.0,2925.999208
1375691993,0.0,2925.999208
1375692293,0.0,2925.999208
1375692593,0.0,2925.999208
1375692893,0.0,2925.999208
1375693193,0.0,2925.999208
1375693494,11.703996832,2925.999208
1375693794,0.0,2925.999208
1375694094,0.0,2925.999208
1375694394,0.0,2925.999208
1375694694,0.0,2925.999208
1375694994,0.0,2925.999208
1375695294,0.0,2925.999208
1375695594,11.703996832,2925.999208
1375695894,0.0,2925.999208
1375696194,0.0,2925.999208
1375696494,11.703996832,2925.999208
1375696794,0.0,2925.999208
1375697094,0.0,2925.999208
1375697394,11.703996832,2925.999208
1375697694,0.0,2925.999208
1375697994,0.0,2925.999208
1375698294,11.703996832,2925.999208
1375698594,0.0,2925.999208
1375698894,0.0,2925.999208
1375699194,11.703996832,2925.999208
1375699494,0.0,2925.999208
1375699794,0.0,2925.999208
1375700094,0.0,2925.999208
1375700394,8.359997737142859,2925.999208
1375700694,0.0,2925.999208
1375700994,0.0,2925.999208
1375701294,0.0,2925.999208
1375701594,11.703996832,2925.999208
1375701894,0.0,2925.999208
1375702194,0.0,2925.999208
1375702494,0.0,2925.999208
1375702794,11.703996832,2925.999208
1375703094,0.0,2925.999208
1375703394,0.0,2925.999208
1375703694,11.703996832,2925.999208
1375703994,0.0,2925.999208
1375704295,0.0,2925.999208
1375704595,0.0,2925.999208
1375704895,0.0,2925.999208
1375705195,0.0,2925.999208
1375705495,0.0,2925.999208
1375705795,0.0,2925.999208
1375706095,11.703996832,2925.999208
1375706395,0.0,2925.999208
1375706695,0.0,2925.999208
1375706995,0.0,2925.999208
1375707295,0.0,2925.999208
1375707595,0.0,2925.999208
1375707895,11.703996832,2925.999208
1375708195,0.0,2925.999208
1375708495,0.0,2925.999208
1375708795,0.0,2925.999208
1375709095,11.703996832,2925.999208
1375709395,0.0,2925.999208
1375709695,0.0,2925.999208
1375709995,0.0,2925.999208
1375710295,0.0,2925.999208
1375710595,0.0,2925.999208
1375710895,0.0,2925.999208
1375711195,0.0,2925.999208
1375711495,7.802664554666666,2925.999208
1375711795,0.0,2925.999208
1375712095,0.0,2925.999208
1375712395,0.0,2925.999208
1375712695,0.0,2925.999208
1375712995,0.0,2925.999208
1375713295,0.0,2925.999208
1375713595,0.0,2925.999208
1375713895,11.703996832,2925.999208
1375714195,0.0,2925.999208
1375714495,4.179998868571429,2925.999208
1375714795,3.901332277333333,2925.999208
1375715095,0.0,2925.999208
1375715395,11.703996832,2925.999208
1375715695,0.0,2925.999208
1375715995,0.0,2925.999208
1375716295,0.0,2925.999208
1375716595,11.703996832,2925.999208
1375716895,0.0,2925.999208
1375717195,0.0,2925.999208
1375717495,12.539996605714286,2925.999208
1375717795,0.0,2925.999208
1375718095,0.0,2925.999208
1375718395,5.851998416,2925.999208
1375718695,5.851998416,2925.999208
1375718995,0.0,2925.999208
1375719295,0.0,2925.999208
1375719595,11.703996832,2925.999208
1375719895,0.0,2925.999208
1375720195,0.0,2925.999208
1375720495,0.0,2925.999208
1375720795,0.0,2925.999208
1375721095,8.359997737142859,2925.999208
1375721395,0.0,2925.999208
1375721695,0.0,2925.999208
1375721995,11.703996832,2925.999208
1375722295,0.0,2925.999208
1375722595,0.0,2925.999208
1375722896,0.0,2925.999208
1375723196,11.703996832,2925.999208
1375723496,0.0,2925.999208
1375723796,0.0,2925.999208
1375724096,0.0,2925.999208
1375724396,0.0,2925.999208
1375724696,0.0,2925.999208
1375724996,0.0,2925.999208
1375725296,11.703996832,2925.999208
1375725596,0.0,2925.999208
1375725896,0.0,2925.999208
1375726196,7.802664554666666,2925.999208
1375726496,3.901332277333333,2925.999208
1375726796,0.0,2925.999208
1375727096,0.0,2925.999208
1375727396,11.703996832,2925.999208
1375727696,0.0,2925.999208
1375727996,3.901332277333333,2925.999208
1375728296,7.802664554666666,2925.999208
1375728596,0.0,2925.999208
1375728896,0.0,2925.999208
1375729196,11.703996832,2925.999208
1375729496,0.0,2925.999208
1375729796,0.0,2925.999208
1375730096,7.802664554666666,2925.999208
1375730396,3.901332277333333,2925.999208
1375730696,0.0,2925.999208
1375730996,0.0,2925.999208
1375731296,11.703996832,2925.999208
1375731596,0.0,2925.999208
1375731896,0.0,2925.999208
1375732196,11.703996832,2925.999208
1375732496,0.0,2925.999208
1375732796,0.0,2925.999208
1375733096,0.0,2925.999208
1375733397,11.703996832,2925.999208
1375733697,0.0,2925.999208
1375733997,0.0,2925.999208
1375734297,0.0,2925.999208
1375734597,11.703996832,2925.999208
1375734897,0.0,2925.999208
1375735197,0.0,2925.999208
1375735797,0.0,2925.999208
1375736097,0.0,2925.999208
1375736697,0.0,2925.999208
1375736997,0.0,2925.999208
1375737297,0.0,2925.999208
1375737597,3.901332277333333,2925.999208
1375737897,7.802664554666666,2925.999208
1375738197,0.0,2925.999208
1375738497,0.0,2925.999208
1375738797,3.901332277333333,2925.999208
1375739097,7.802664554666666,2925.999208
1375739397,0.0,2925.999208
1375739697,0.0,2925.999208
1375739997,0.0,2925.999208
1375740297,11.703996832,2925.999208
1375740597,0.0,2925.999208
1375740897,0.0,2925.999208
1375741197,0.0,2925.999208
1375741497,0.0,2925.999208
1375741797,0.0,2925.999208
1375742097,0.0,2925.999208
1375742397,11.703996832,2925.999208
1375742697,0.0,2925.999208
1375742998,0.0,2925.999208
1375743298,11.703996832,2925.999208
1375743597,0.0,2925.999208
1375743897,0.0,2925.999208
1375744197,0.0,2925.999208
1375744497,11.703996832,2925.999208
1375744797,0.0,2925.999208
1375745097,0.0,2925.999208
1375745397,9.753330693333334,2925.999208
1375745697,0.0,2925.999208
1375745997,0.0,2925.999208
1375746297,0.0,2925.999208
1375746597,11.703996832,2925.999208
1375746897,0.0,2925.999208
1375747197,0.0,2925.999208
1375747497,0.0,2925.999208
1375747797,0.0,2925.999208
1375748097,0.0,2925.999208
1375748397,0.0,2925.999208
1375748698,0.0,2925.999208
1375748998,11.703996832,2925.999208
1375749298,0.0,2925.999208
1375749598,0.0,2925.999208
1375749898,0.0,2925.999208
1375750198,0.0,2925.999208
1375750498,11.703996832,2925.999208
1375750798,0.0,2925.999208
1375751098,0.0,2925.999208
1375751398,11.703996832,2925.999208
1375751698,0.0,2925.999208
1375751998,0.0,2925.999208
1375752298,0.0,2925.999208
1375752598,11.703996832,2925.999208
1375752898,0.0,2925.999208
1375753198,0.0,2925.999208
1375753498,11.703996832,2925.999208
1375753798,0.0,2925.999208
1375754098,0.0,2925.999208
1375754398,0.0,2925.999208
1375754698,0.0,2925.999208
1375754998,7.802664554666666,2925.999208
1375755298,3.901332277333333,2925.999208
1375755598,0.0,2925.999208
1375755898,0.0,2925.999208
1375756198,11.703996832,2925.999208
1375756498,0.0,2925.999208
1375756798,0.0,2925.999208
1375757098,11.703996832,2925.999208
1375757398,0.0,2925.999208
1375757698,0.0,2925.999208
1375757998,0.0,2925.999208
1375758299,0.0,2925.999208
1375758599,0.0,2925.999208
1375758899,0.0,2925.999208
1375759199,11.703996832,2925.999208
1375759499,0.0,2925.999208
1375759799,0.0,2925.999208
1375760099,0.0,2925.999208
1375760399,0.0,2925.999208
1375760699,0.0,2925.999208
1375760999,0.0,2925.999208
1375761299,0.0,2925.999208
1375761599,11.703996832,2925.999208
1375761899,0.0,2925.999208
1375762199,0.0,2925.999208
1375762499,11.703996832,2925.999208
1375762799,0.0,2925.999208
1375763099,0.0,2925.999208
1375763399,3.901332277333333,2925.999208
1375763699,7.802664554666666,2925.999208
1375763999,0.0,2925.999208
1375764299,0.0,2925.999208
1375764599,11.703996832,2925.999208
1375764899,0.0,2925.999208
1375765199,0.0,2925.999208
1375765499,9.753330693333334,2925.999208
1375765799,1.9506661386666664,2925.999208
1375766099,0.0,2925.999208
1375766399,0.0,2925.999208
1375766699,0.0,2925.999208
1375766999,0.0,2925.999208
1375767299,0.0,2925.999208
1375767600,0.0,2925.999208
1375767900,11.703996832,2925.999208
1375768200,0.0,2925.999208
1375768500,0.0,2925.999208
1375768800,0.0,2925.999208
1375769100,11.703996832,2925.999208
1375769400,0.0,2925.999208
1375769700,0.0,2925.999208
1375770000,0.0,2925.999208
1375770300,11.703996832,2925.999208
1375770600,0.0,2925.999208
1375770900,0.0,2925.999208
1375771200,7.802664554666666,2925.999208
1375771500,3.901332277333333,2925.999208
1375771800,0.0,2925.999208
1375772100,0.0,2925.999208
1375772400,7.802664554666666,2925.999208
1375772700,3.901332277333333,2925.999208
1375773000,0.0,2925.999208
1375773300,0.0,2925.999208
1375773600,11.703996832,2925.999208
1375773900,0.0,2925.999208
1375774200,0.0,2925.999208
1375774500,11.703996832,2925.999208
1375774800,0.0,2925.999208
1375775100,0.0,2925.999208
1375775400,0.0,2925.999208
1375775700,0.0,2925.999208
1375776000,0.0,2925.999208
1375776300,0.0,2925.999208
1375776600,11.703996832,2925.999208
1375776900,0.0,2925.999208
1375777200,0.0,2925.999208
1375777500,3.901332277333333,2925.999208
1375777800,7.802664554666666,2925.999208
1375778100,0.0,2925.999208
1375778400,0.0,2925.999208
1375778700,11.703996832,2925.999208
1375779000,0.0,2925.999208
1375779300,0.0,2925.999208
1375779600,0.0,2925.999208
1375779900,11.703996832,2925.999208
1375780200,0.0,2925.999208
1375780500,0.0,2925.999208
1375780800,0.0,2925.999208
1375781100,11.703996832,2925.999208
1375781400,0.0,2925.999208
1375781700,0.0,2925.999208
1375782000,7.802664554666666,2925.999208
1375782300,3.901332277333333,2925.999208
1375782600,0.0,2925.999208
1375782901,0.0,2925.999208
1375783201,3.901332277333333,2925.999208
1375783501,7.802664554666666,2925.999208
1375783801,0.0,2925.999208
1375784101,0.0,2925.999208
1375784401,0.0,2925.999208
1375784701,0.0,2925.999208
1375785001,11.703996832,2925.999208
1375785301,0.0,2925.999208
1375785601,0.0,2925.999208
1375785901,11.703996832,2925.999208
1375786201,0.0,2925.999208
1375786501,0.0,2925.999208
1375786801,0.0,2925.999208
1375787101,11.703996832,2925.999208
1375787401,0.0,2925.999208
1375787701,0.0,2925.999208
1375788001,0.0,2925.999208
1375788301,11.703996832,2925.999208
1375788601,0.0,2925.999208
1375788901,0.0,2925.999208
1375789201,0.0,2925.999208
1375789501,0.0,2925.999208
1375789801,11.703996832,2925.999208
1375790101,0.0,2925.999208
1375790401,0.0,2925.999208
1375790701,11.703996832,2925.999208
1375791001,0.0,2925.999208
1375791301,0.0,2925.999208
1375791601,11.703996832,2925.999208
1375791901,0.0,2925.999208
1375792202,0.0,2925.999208
1375792502,11.703996832,2925.999208
1375792802,0.0,2925.999208
1375793102,0.0,2925.999208
1375793402,0.0,2925.999208
1375793702,11.703996832,2925.999208
1375794002,0.0,2925.999208
1375794302,0.0,2925.999208
1375794602,3.901332277333333,2925.999208
1375794902,7.802664554666666,2925.999208
1375795202,0.0,2925.999208
1375795502,7.802664554666666,2925.999208
1375795802,3.901332277333333,2925.999208
1375796102,0.0,2925.999208
1375796402,0.0,2925.999208
1375796702,0.0,2925.999208
1375797002,11.703996832,2925.999208
1375797302,0.0,2925.999208
1375797602,0.0,2925.999208
1375797902,11.703996832,2925.999208
1375798202,0.0,2925.999208
1375798502,0.0,2925.999208
1375798802,0.0,2925.999208
1375799102,0.0,2925.999208
1375799403,0.0,2925.999208
1375799703,0.0,2925.999208
1375800003,11.703996832,2925.999208
1375800303,0.0,2925.999208
1375800603,0.0,2925.999208
1375800903,11.703996832,2925.999208
1375801203,0.0,2925.999208
1375801503,0.0,2925.999208
1375801803,0.0,2925.999208
1375802103,11.703996832,2925.999208
1375802403,0.0,2925.999208
1375802703,0.0,2925.999208
1375803003,0.0,2925.999208
1375803303,0.0,2925.999208
1375803603,0.0,2925.999208
1375803903,0.0,2925.999208
1375804203,11.703996832,2925.999208
1375804503,0.0,2925.999208
1375804803,0.0,2925.999208
1375805103,0.0,2925.999208
1375805403,11.703996832,2925.999208
1375805703,0.0,2925.999208
1375806003,7.802664554666666,2925.999208
1375806303,3.901332277333333,2925.999208
1375806603,0.0,2925.999208
1375806903,0.0,2925.999208
1375807203,7.802664554666666,2925.999208
1375807503,3.901332277333333,2925.999208
1375807804,0.0,2925.999208
1375808104,11.703996832,2925.999208
1375808404,0.0,2925.999208
1375808704,0.0,2925.999208
1375809003,0.0,2925.999208
1375809303,11.703996832,2925.999208
1375809603,0.0,2925.999208
1375809903,0.0,2925.999208
1375810203,0.0,2925.999208
1375810503,11.703996832,2925.999208
1375810803,0.0,2925.999208
1375811103,0.0,2925.999208
1375811403,0.0,2925.999208
1375811703,0.0,2925.999208
1375812003,0.0,2925.999208
1375812303,0.0,2925.999208
1375812603,11.703996832,2925.999208
1375812904,0.0,2925.999208
1375813204,0.0,2925.999208
1375813504,0.0,2925.999208
1375813804,11.703996832,2925.999208
1375814104,0.0,2925.999208
1375814404,0.0,2925.999208
1375814704,0.0,2925.999208
1375815004,11.703996832,2925.999208
1375815304,0.0,2925.999208
1375815604,7.802664554666666,2925.999208
1375815904,3.901332277333333,2925.999208
1375816204,0.0,2925.999208
1375816504,0.0,2925.999208
1375816804,11.703996832,2925.999208
1375817104,0.0,2925.999208
1375817404,0.0,2925.999208
1375817704,11.703996832,2925.999208
1375818004,0.0,2925.999208
1375818304,0.0,2925.999208
1375818604,0.0,2925.999208
1375818904,11.703996832,2925.999208
1375819204,0.0,2925.999208
1375819504,0.0,2925.999208
1375819804,7.802664554666666,2925.999208
1375820104,3.901332277333333,2925.999208
1375820404,0.0,2925.999208
1375820704,0.0,2925.999208
1375821005,7.802664554666666,2925.999208
1375821305,3.901332277333333,2925.999208
1375821605,0.0,2925.999208
1375821905,0.0,2925.999208
1375822205,3.901332277333333,2925.999208
1375822505,7.802664554666666,2925.999208
1375822805,0.0,2925.999208
1375823105,0.0,2925.999208
1375823405,11.703996832,2925.999208
1375823705,0.0,2925.999208
1375824005,0.0,2925.999208
1375824305,0.0,2925.999208
1375824605,11.703996832,2925.999208
1375824905,0.0,2925.999208
1375825205,0.0,2925.999208
1375825505,0.0,2925.999208
1375825805,11.703996832,2925.999208
1375826105,0.0,2925.999208
1375826406,0.0,2925.999208
1375826706,11.703996832,2925.999208
1375827006,0.0,2925.999208
1375827306,0.0,2925.999208
1375827606,11.703996832,2925.999208
1375827906,0.0,2925.999208
1375828206,0.0,2925.999208
1375828506,11.703996832,2925.999208
1375828806,0.0,2925.999208
1375829106,0.0,2925.999208
1375829406,11.703996832,2925.999208
1375829706,0.0,2925.999208
1375830006,0.0,2925.999208
1375830306,0.0,2925.999208
1375830606,11.703996832,2925.999208
1375830906,0.0,2925.999208
1375831206,0.0,2925.999208
1375831506,3.901332277333333,2925.999208
1375831806,7.802664554666666,2925.999208
1375832106,0.0,2925.999208
1375832406,0.0,2925.999208
1375832706,7.802664554666666,2925.999208
1375833006,3.901332277333333,2925.999208
1375833307,0.0,2925.999208
1375833607,0.0,2925.999208
1375833907,11.703996832,2925.999208
1375834207,0.0,2925.999208
1375834507,0.0,2925.999208
1375834807,3.901332277333333,2925.999208
1375835107,7.802664554666666,2925.999208
1375835407,0.0,2925.999208
1375835707,0.0,2925.999208
1375836007,0.0,2925.999208
1375836307,11.703996832,2925.999208
1375836607,0.0,2925.999208
1375836907,0.0,2925.999208
1375837207,11.703996832,2925.999208
1375837507,0.0,2925.999208
1375837807,0.0,2925.999208
1375838107,0.0,2925.999208
1375838407,11.703996832,2925.999208
1375838707,0.0,2925.999208
1375839007,0.0,2925.999208
1375839307,11.703996832,2925.999208
1375839607,0.0,2925.999208
1375839907,0.0,2925.999208
1375840207,11.703996832,2925.999208
1375840507,0.0,2925.999208
1375840807,0.0,2925.999208
1375841107,0.0,2925.999208
1375841407,11.703996832,2925.999208
1375841707,0.0,2925.999208
1375842007,0.0,2925.999208
1375842307,0.0,2925.999208
1375842607,11.703996832,2925.999208
1375842907,0.0,2925.999208
1375843207,0.0,2925.999208
1375843507,11.703996832,2925.999208
1375843807,0.0,2925.999208
1375844107,0.0,2925.999208
1375844407,0.0,2925.999208
1375844707,11.703996832,2925.999208
1375845007,0.0,2925.999208
1375845307,0.0,2925.999208
1375845607,11.703996832,2925.999208
1375845907,0.0,2925.999208
1375846207,0.0,2925.999208
1375846507,0.0,2925.999208
1375846807,0.0,2925.999208
1375847107,11.703996832,2925.999208
1375847407,0.0,2925.999208
1375847707,0.0,2925.999208
1375848007,0.0,2925.999208
1375848307,0.0,2925.999208
1375848607,0.0,2925.999208
1375848907,0.0,2925.999208
1375849208,11.703996832,2925.999208
1375849508,0.0,2925.999208
1375849808,0.0,2925.999208
1375850108,11.703996832,2925.999208
1375850408,0.0,2925.999208
1375850708,0.0,2925.999208
1375851008,3.901332277333333,2925.999208
1375851308,7.802664554666666,2925.999208
1375851608,0.0,2925.999208
1375851908,0.0,2925.999208
1375852208,0.0,2925.999208
1375852508,0.0,2925.999208
1375852808,0.0,2925.999208
1375853108,11.703996832,2925.999208
1375853408,0.0,2925.999208
1375853708,0.0,2925.999208
1375854008,0.0,2925.999208
1375854308,11.703996832,2925.999208
1375854608,0.0,2925.999208
1375854908,0.0,2925.999208
1375855208,11.703996832,2925.999208
1375855508,0.0,2925.999208
1375855808,0.0,2925.999208
1375856108,11.703996832,2925.999208
1375856408,0.0,2925.999208
1375856708,0.0,2925.999208
1375857008,0.0,2925.999208
1375857308,0.0,2925.999208
1375857608,0.0,2925.999208
1375857908,0.0,2925.999208
1375858208,7.802664554666666,2925.999208
1375858508,3.901332277333333,2925.999208
1375858808,0.0,2925.999208
1375859108,0.0,2925.999208
1375859408,7.802664554666666,2925.999208
1375859709,3.901332277333333,2925.999208
1375860009,0.0,2925.999208
1375860309,0.0,2925.999208
1375860609,3.901332277333333,2925.999208
1375860909,7.802664554666666,2925.999208
1375861209,0.0,2925.999208
1375861509,0.0,2925.999208
1375861809,11.703996832,2925.999208
1375862109,0.0,2925.999208
1375862409,0.0,2925.999208
1375862709,11.703996832,2925.999208
1375863009,0.0,2925.999208
1375863309,0.0,2925.999208
1375863609,0.0,2925.999208
1375863909,11.703996832,2925.999208
1375864209,0.0,2925.999208
1375864509,0.0,2925.999208
1375864809,11.703996832,2925.999208
1375865109,0.0,2925.999208
1375865409,0.0,2925.999208
1375865709,0.0,2925.999208
1375866009,11.703996832,2925.999208
1375866309,0.0,2925.999208
1375866609,0.0,2925.999208
1375866909,0.0,2925.999208
1375867209,0.0,2925.999208
1375867509,11.703996832,2925.999208
1375867809,0.0,2925.999208
1375868109,0.0,2925.999208
1375868409,11.703996832,2925.999208
1375868709,0.0,2925.999208
1375869009,0.0,2925.999208
1375869309,0.0,2925.999208
1375869609,11.703996832,2925.999208
1375869909,0.0,2925.999208
1375870210,0.0,2925.999208
1375870510,0.0,2925.999208
1375870810,11.703996832,2925.999208
1375871110,0.0,2925.999208
1375871410,3.901332277333333,2925.999208
1375871710,7.802664554666666,2925.999208
1375872010,0.0,2925.999208
1375872310,0.0,2925.999208
1375872610,0.0,2925.999208
1375872910,11.703996832,2925.999208
1375873210,0.0,2925.999208
1375873510,0.0,2925.999208
1375873810,11.703996832,2925.999208
1375874110,0.0,2925.999208
1375874410,0.0,2925.999208
1375874710,7.802664554666666,2925.999208
1375875009,3.901332277333333,2925.999208
1375875309,0.0,2925.999208
1375875609,0.0,2925.999208
1375875909,11.703996832,2925.999208
1375876209,0.0,2925.999208
1375876509,0.0,2925.999208
1375876810,0.0,2925.999208
1375877110,0.0,2925.999208
1375877410,0.0,2925.999208
1375877710,0.0,2925.999208
1375878010,0.0,2925.999208
1375878310,11.703996832,2925.999208
1375878610,0.0,2925.999208
1375878910,0.0,2925.999208
1375879210,0.0,2925.999208
1375879510,11.703996832,2925.999208
1375879810,0.0,2925.999208
1375880110,0.0,2925.999208
1375880410,9.753330693333334,2925.999208
1375880710,0.0,2925.999208
1375881010,0.0,2925.999208
1375881310,0.0,2925.999208
1375881610,0.0,2925.999208
1375881910,0.0,2925.999208
1375882210,0.0,2925.999208
1375882510,0.0,2925.999208
1375882810,7.802664554666666,2925.999208
1375883110,3.901332277333333,2925.999208
1375883410,0.0,2925.999208
1375883710,3.901332277333333,2925.999208
1375884010,7.802664554666666,2925.999208
1375884310,0.0,2925.999208
1375884610,0.0,2925.999208
1375884910,11.703996832,2925.999208
1375885210,0.0,2925.999208
1375885510,0.0,2925.999208
1375885810,11.703996832,2925.999208
1375886111,0.0,2925.999208
1375886411,0.0,2925.999208
1375886711,0.0,2925.999208
1375887011,11.703996832,2925.999208
1375887311,0.0,2925.999208
1375887611,0.0,2925.999208
1375887911,0.0,2925.999208
1375888211,11.703996832,2925.999208
1375888511,0.0,2925.999208
1375888811,0.0,2925.999208
1375889111,0.0,2925.999208
1375889411,0.0,2925.999208
1375889711,0.0,2925.999208
1375890011,0.0,2925.999208
1375890311,11.703996832,2925.999208
1375890611,0.0,2925.999208
1375890911,0.0,2925.999208
1375891211,0.0,2925.999208
1375891511,11.703996832,2925.999208
1375891811,0.0,2925.999208
1375892111,0.0,2925.999208
1375892411,0.0,2925.999208
1375892711,11.703996832,2925.999208
1375893011,0.0,2925.999208
1375893311,0.0,2925.999208
1375893611,11.703996832,2925.999208
1375893911,0.0,2925.999208
1375894211,0.0,2925.999208
1375894511,3.901332277333333,2925.999208
1375894811,7.802664554666666,2925.999208
1375895111,0.0,2925.999208
1375895411,0.0,2925.999208
1375895711,11.703996832,2925.999208
1375896011,0.0,2925.999208
1375896311,0.0,2925.999208
1375896611,9.753330693333334,2925.999208
1375896911,1.9506661386666664,2925.999208
1375897211,0.0,2925.999208
1375897511,0.0,2925.999208
1375897812,11.703996832,2925.999208
1375898112,0.0,2925.999208
1375898412,0.0,2925.999208
1375898712,11.703996832,2925.999208
1375899012,0.0,2925.999208
1375899312,0.0,2925.999208
1375899612,11.703996832,2925.999208
1375899912,0.0,2925.999208
1375900212,0.0,2925.999208
1375900512,0.0,2925.999208
1375900812,11.703996832,2925.999208
1375901112,0.0,2925.999208
1375901412,0.0,2925.999208
1375901712,0.0,2925.999208
1375902012,0.0,2925.999208
1375902312,0.0,2925.999208
1375902612,0.0,2925.999208
1375902912,0.0,2925.999208
1375903212,11.703996832,2925.999208
1375903512,0.0,2925.999208
1375903812,0.0,2925.999208
1375904112,0.0,2925.999208
1375904412,11.703996832,2925.999208
1375904712,0.0,2925.999208
1375905012,0.0,2925.999208
1375905312,0.0,2925.999208
1375905612,11.703996832,2925.999208
1375905912,0.0,2925.999208
1375906212,0.0,2925.999208
1375906512,11.703996832,2925.999208
1375906812,0.0,2925.999208
1375907112,7.802664554666666,2925.999208
1375907412,3.901332277333333,2925.999208
1375907712,0.0,2925.999208
1375908012,0.0,2925.999208
1375908312,3.901332277333333,2925.999208
1375908612,7.802664554666666,2925.999208
1375908912,0.0,2925.999208
1375909212,0.0,2925.999208
1375909512,0.0,2925.999208
1375909812,11.703996832,2925.999208
1375910112,0.0,2925.999208
1375910412,0.0,2925.999208
1375910712,0.0,2925.999208
1375911012,0.0,2925.999208
1375911312,0.0,2925.999208
1375911612,0.0,2925.999208
1375911912,11.703996832,2925.999208
1375912212,0.0,2925.999208
1375912512,0.0,2925.999208
1375912812,7.802664554666666,2925.999208
1375913112,3.901332277333333,2925.999208
1375913413,0.0,2925.999208
1375913713,0.0,2925.999208
1375914013,11.703996832,2925.999208
1375914313,0.0,2925.999208
1375914613,0.0,2925.999208
1375914913,0.0,2925.999208
1375915213,11.703996832,2925.999208
1375915513,0.0,2925.999208
1375915813,0.0,2925.999208
1375916113,7.802664554666666,2925.999208
1375916413,3.901332277333333,2925.999208
1375916713,0.0,2925.999208
1375917013,0.0,2925.999208
1375917313,11.703996832,2925.999208
1375917613,0.0,2925.999208
1375917913,0.0,2925.999208
1375918213,0.0,2925.999208
1375918513,11.703996832,2925.999208
1375918813,0.0,2925.999208
1375919113,0.0,2925.999208
1375919413,0.0,2925.999208
1375919713,0.0,2925.999208
1375920013,0.0,2925.999208
1375920313,0.0,2925.999208
1375920613,11.703996832,2925.999208
1375920913,3.901332277333333,2925.999208
1375921213,0.0,2925.999208
1375921513,11.703996832,2925.999208
1375921813,0.0,2925.999208
1375922113,0.0,2925.999208
1375922413,0.0,2925.999208
1375922713,12.539996605714286,2925.999208
1375923013,0.0,2925.999208
1375923313,0.0,2925.999208
1375923613,0.0,2925.999208
1375923913,11.703996832,2925.999208
1375924213,0.0,2925.999208
1375924513,0.0,2925.999208
1375924813,11.703996832,2925.999208
1375925113,0.0,2925.999208
1375925413,0.0,2925.999208
1375925713,11.703996832,2925.999208
1375926013,0.0,2925.999208
1375926313,0.0,2925.999208
1375926614,11.703996832,2925.999208
1375926914,0.0,2925.999208
1375927214,0.0,2925.999208
1375927514,11.703996832,2925.999208
1375927814,0.0,2925.999208
1375928114,0.0,2925.999208
1375928414,11.703996832,2925.999208
1375928714,0.0,2925.999208
1375929014,0.0,2925.999208
1375929314,0.0,2925.999208
1375929614,0.0,2925.999208
1375929914,0.0,2925.999208
1375930214,0.0,2925.999208
1375930514,0.0,2925.999208
1375930814,11.703996832,2925.999208
1375931114,0.0,2925.999208
1375931414,0.0,2925.999208
1375931714,12.539996605714286,2925.999208
1375932014,0.0,2925.999208
1375932314,0.0,2925.999208
1375932614,0.0,2925.999208
1375932914,11.703996832,2925.999208
1375933214,0.0,2925.999208
1375933514,0.0,2925.999208
1375933814,11.703996832,2925.999208
1375934114,3.901332277333333,2925.999208
1375934414,0.0,2925.999208
1375934714,11.703996832,2925.999208
1375935014,0.0,2925.999208
1375935314,0.0,2925.999208
1375935614,3.901332277333333,2925.999208
1375935914,8.359997737142859,2925.999208
1375936214,0.0,2925.999208
1375936515,0.0,2925.999208
1375936815,11.703996832,2925.999208
1375937115,0.0,2925.999208
1375937415,0.0,2925.999208
1375937714,0.0,2925.999208
1375938014,12.539996605714286,2925.999208
1375938314,0.0,2925.999208
1375938614,0.0,2925.999208
1375938914,11.703996832,2925.999208
1375939215,0.0,2925.999208
1375939515,0.0,2925.999208
1375939815,0.0,2925.999208
1375940115,11.703996832,2925.999208
1375940415,0.0,2925.999208
1375940715,0.0,2925.999208
1375941015,11.703996832,2925.999208
1375941315,0.0,2925.999208
1375941615,0.0,2925.999208
1375941915,0.0,2925.999208
1375942215,11.703996832,2925.999208
1375942515,0.0,2925.999208
1375942815,0.0,2925.999208
1375943115,0.0,2925.999208
1375943415,0.0,2925.999208
1375943715,0.0,2925.999208
1375944015,5.851998416,2925.999208
1375944315,5.851998416,2925.999208
1375944615,0.0,2925.999208
1375944915,0.0,2925.999208
1375945215,11.703996832,2925.999208
1375945515,0.0,2925.999208
1375945815,0.0,2925.999208
1375946115,0.0,2925.999208
1375946415,11.703996832,2925.999208
1375946715,0.0,2925.999208
1375947015,0.0,2925.999208
1375947315,0.0,2925.999208
1375947615,11.703996832,2925.999208
1375947915,0.0,2925.999208
1375948215,0.0,2925.999208
1375948516,11.703996832,2925.999208
1375948816,0.0,2925.999208
1375949116,0.0,2925.999208
1375949416,11.703996832,2925.999208
1375949716,0.0,2925.999208
1375950016,0.0,2925.999208
1375950316,0.0,2925.999208
1375950616,0.0,2925.999208
1375950916,11.703996832,2925.999208
1375951216,0.0,2925.999208
1375951516,11.703996832,2925.999208
1375951816,0.0,2925.999208
1375952116,0.0,2925.999208
1375952416,0.0,2925.999208
1375952716,3.901332277333333,2925.999208
1375953016,7.802664554666666,2925.999208
1375953316,0.0,2925.999208
1375953616,3.901332277333333,2925.999208
1375953916,7.802664554666666,2925.999208
1375954216,0.0,2925.999208
1375954516,0.0,2925.999208
1375954816,11.703996832,2925.999208
1375955116,0.0,2925.999208
1375955416,0.0,2925.999208
1375955716,11.703996832,2925.999208
1375956016,0.0,2925.999208
1375956316,0.0,2925.999208
1375956616,0.0,2925.999208
1375956916,11.703996832,2925.999208
1375957216,0.0,2925.999208
1375957516,0.0,2925.999208
1375957816,0.0,2925.999208
1375958116,7.802664554666666,2925.999208
1375958416,3.901332277333333,2925.999208
1375958716,0.0,2925.999208
1375959016,0.0,2925.999208
1375959316,11.703996832,2925.999208
1375959616,0.0,2925.999208
1375959916,0.0,2925.999208
1375960216,11.703996832,2925.999208
1375960516,0.0,2925.999208
1375960816,0.0,2925.999208
1375961116,11.703996832,2925.999208
1375961416,0.0,2925.999208
1375961716,0.0,2925.999208
1375962016,11.703996832,2925.999208
1375962316,0.0,2925.999208
1375962616,0.0,2925.999208
1375962916,3.901332277333333,2925.999208
1375963217,7.802664554666666,2925.999208
1375963517,0.0,2925.999208
1375963817,0.0,2925.999208
1375964117,0.0,2925.999208
1375964417,11.703996832,2925.999208
1375964717,0.0,2925.999208
1375965017,0.0,2925.999208
1375965317,11.703996832,2925.999208
1375965617,0.0,2925.999208
1375965917,0.0,2925.999208
1375966217,0.0,2925.999208
1375966517,11.703996832,2925.999208
1375966817,0.0,2925.999208
1375967117,0.0,2925.999208
1375967417,11.703996832,2925.999208
1375967717,0.0,2925.999208
1375968017,0.0,2925.999208
1375968317,0.0,2925.999208
1375968617,0.0,2925.999208
1375968917,0.0,2925.999208
1375969217,11.703996832,2925.999208
1375969517,0.0,2925.999208
1375969817,0.0,2925.999208
1375970117,11.703996832,2925.999208
1375970417,0.0,2925.999208
1375970717,0.0,2925.999208
1375971017,11.703996832,2925.999208
1375971317,0.0,2925.999208
1375971617,0.0,2925.999208
1375971917,11.703996832,2925.999208
1375972217,0.0,2925.999208
1375972517,0.0,2925.999208
1375972817,0.0,2925.999208
1375973117,0.0,2925.999208
1375973417,11.703996832,2925.999208
1375973717,0.0,2925.999208
1375974017,0.0,2925.999208
1375974317,11.703996832,2925.999208
1375974617,0.0,2925.999208
1375974917,0.0,2925.999208
1375975217,11.703996832,2925.999208
1375975518,0.0,2925.999208
1375975818,0.0,2925.999208
1375976118,0.0,2925.999208
1375976418,11.703996832,2925.999208
1375976718,0.0,2925.999208
1375977018,3.901332277333333,2925.999208
1375977318,7.802664554666666,2925.999208
1375977618,0.0,2925.999208
1375977918,0.0,2925.999208
1375978218,11.703996832,2925.999208
1375978518,0.0,2925.999208
1375978818,0.0,2925.999208
1375979118,0.0,2925.999208
1375979418,11.703996832,2925.999208
1375979718,0.0,2925.999208
1375980018,0.0,2925.999208
1375980318,0.0,2925.999208
1375980618,0.0,2925.999208
1375980918,0.0,2925.999208
1375981218,11.703996832,2925.999208
1375981518,0.0,2925.999208
1375981818,0.0,2925.999208
1375982118,11.703996832,2925.999208
1375982418,0.0,2925.999208
1375982718,0.0,2925.999208
1375983018,0.0,2925.999208
1375983318,11.703996832,2925.999208
1375983618,0.0,2925.999208
1375983918,0.0,2925.999208
1375984218,11.703996832,2925.999208
1375984518,0.0,2925.999208
1375984818,0.0,2925.999208
1375985118,11.703996832,2925.999208
1375985418,0.0,2925.999208
1375985718,0.0,2925.999208
1375986018,0.0,2925.999208
1375986319,0.0,2925.999208
1375986618,0.0,2925.999208
1375986918,11.703996832,2925.999208
1375987218,0.0,2925.999208
1375987518,0.0,2925.999208
1375987818,0.0,2925.999208
1375988118,0.0,2925.999208
1375988418,11.703996832,2925.999208
1375988718,0.0,2925.999208
1375989019,0.0,2925.999208
1375989319,11.703996832,2925.999208
1375989619,0.0,2925.999208
1375989919,0.0,2925.999208
1375990219,11.703996832,2925.999208
1375990519,0.0,2925.999208
1375990819,0.0,2925.999208
1375991119,0.0,2925.999208
1375991419,0.0,2925.999208
1375991719,11.703996832,2925.999208
1375992019,0.0,2925.999208
1375992319,0.0,2925.999208
1375992619,11.703996832,2925.999208
1375992919,0.0,2925.999208
1375993219,0.0,2925.999208
1375993519,29.259992080000004,2925.999208
1375993819,0.0,2925.999208
1375994119,0.0,2925.999208
1375994419,11.703996832,2925.999208
1375994719,0.0,2925.999208
1375995019,0.0,2925.999208
1375995319,0.0,2925.999208
1375995619,0.0,2925.999208
1375995919,0.0,2925.999208
1375996219,0.0,2925.999208
1375996519,7.802664554666666,2925.999208
1375996819,3.901332277333333,2925.999208
1375997119,0.0,2925.999208
1375997419,0.0,2925.999208
1375997719,11.703996832,2925.999208
1375998019,0.0,2925.999208
1375998319,0.0,2925.999208
1375998619,0.0,2925.999208
1375998919,11.703996832,2925.999208
1375999220,0.0,2925.999208
1375999520,0.0,2925.999208
1375999820,11.703996832,2925.999208
1376000120,0.0,2925.999208
1376000420,0.0,2925.999208
1376000720,11.703996832,2925.999208
1376001020,0.0,2925.999208
1376001320,0.0,2925.999208
1376001620,0.0,2925.999208
1376001920,11.703996832,2925.999208
1376002220,0.0,2925.999208
1376002520,0.0,2925.999208
1376002820,0.0,2925.999208
1376003120,0.0,2925.999208
1376003420,0.0,2925.999208
1376003720,0.0,2925.999208
1376004020,0.0,2925.999208
1376004320,0.0,2925.999208
1376004620,11.703996832,2925.999208
1376004920,0.0,2925.999208
1376005220,0.0,2925.999208
1376005520,3.901332277333333,2925.999208
1376005820,7.802664554666666,2925.999208
1376006120,0.0,2925.999208
1376006420,0.0,2925.999208
1376006720,0.0,2925.999208
1376007020,11.703996832,2925.999208
1376007320,0.0,2925.999208
1376007620,0.0,2925.999208
1376007920,0.0,2925.999208
1376008220,0.0,2925.999208
1376008520,11.703996832,2925.999208
1376008820,0.0,2925.999208
1376009120,0.0,2925.999208
1376009420,0.0,2925.999208
1376009720,11.703996832,2925.999208
1376010021,0.0,2925.999208
1376010321,0.0,2925.999208
1376010621,0.0,2925.999208
1376010921,11.703996832,2925.999208
1376011221,0.0,2925.999208
1376011521,0.0,2925.999208
1376011821,11.703996832,2925.999208
1376012121,0.0,2925.999208
1376012421,0.0,2925.999208
1376012721,11.703996832,2925.999208
1376013021,0.0,2925.999208
1376013321,0.0,2925.999208
1376013621,0.0,2925.999208
1376013921,11.703996832,2925.999208
1376014221,0.0,2925.999208
1376014521,0.0,2925.999208
1376014821,0.0,2925.999208
1376015121,0.0,2925.999208
1376015421,0.0,2925.999208
1376015721,0.0,2925.999208
1376016021,7.802664554666666,2925.999208
1376016321,3.901332277333333,2925.999208
1376016621,0.0,2925.999208
1376016921,0.0,2925.999208
1376017221,11.703996832,2925.999208
1376017521,0.0,2925.999208
1376017821,0.0,2925.999208
1376018121,0.0,2925.999208
1376018422,0.0,2925.999208
1376018722,0.0,2925.999208
1376019022,0.0,2925.999208
1376019322,11.703996832,2925.999208
1376019622,0.0,2925.999208
1376019921,0.0,2925.999208
1376020221,11.703996832,2925.999208
1376020522,0.0,2925.999208
1376020822,0.0,2925.999208
1376021122,0.0,2925.999208
1376021422,11.703996832,2925.999208
1376021722,0.0,2925.999208
1376022022,0.0,2925.999208
1376022322,0.0,2925.999208
1376022622,11.703996832,2925.999208
1376022922,0.0,2925.999208
1376023222,0.0,2925.999208
1376023522,0.0,2925.999208
1376023822,11.703996832,2925.999208
1376024122,0.0,2925.999208
1376024422,0.0,2925.999208
1376024722,11.703996832,2925.999208
1376025022,0.0,2925.999208
1376025322,0.0,2925.999208
1376025622,11.703996832,2925.999208
1376025922,0.0,2925.999208
1376026222,0.0,2925.999208
1376026522,0.0,2925.999208
1376026822,0.0,2925.999208
1376027122,0.0,2925.999208
1376027422,0.0,2925.999208
1376027722,0.0,2925.999208
1376028022,11.703996832,2925.999208
1376028322,0.0,2925.999208
1376028622,0.0,2925.999208
1376028922,0.0,2925.999208
1376029222,0.0,2925.999208
1376029522,0.0,2925.999208
1376029823,11.703996832,2925.999208
1376030123,0.0,2925.999208
1376030423,0.0,2925.999208
1376030723,0.0,2925.999208
1376031023,11.703996832,2925.999208
1376031323,0.0,2925.999208
1376031623,0.0,2925.999208
1376031923,11.703996832,2925.999208
1376032223,0.0,2925.999208
1376032523,0.0,2925.999208
1376032823,3.901332277333333,2925.999208
1376033123,7.802664554666666,2925.999208
1376033423,0.0,2925.999208
1376033723,0.0,2925.999208
1376034023,11.703996832,2925.999208
1376034323,0.0,2925.999208
1376034623,0.0,2925.999208
1376034923,0.0,2925.999208
1376035223,11.703996832,2925.999208
1376035523,0.0,2925.999208
1376035823,0.0,2925.999208
1376036123,7.802664554666666,2925.999208
1376036423,3.901332277333333,2925.999208
1376036723,0.0,2925.999208
1376037023,0.0,2925.999208
1376037323,11.703996832,2925.999208
1376037623,0.0,2925.999208
1376037923,0.0,2925.999208
1376038223,11.703996832,2925.999208
1376038523,0.0,2925.999208
1376038823,0.0,2925.999208
1376039123,0.0,2925.999208
1376039423,0.0,2925.999208
1376039723,0.0,2925.999208
1376040023,0.0,2925.999208
1376040323,0.0,2925.999208
1376040623,11.703996832,2925.999208
1376040923,0.0,2925.999208
1376041223,0.0,2925.999208
1376041523,0.0,2925.999208
1376041823,0.0,2925.999208
1376042123,0.0,2925.999208
1376042423,0.0,2925.999208
1376042723,11.703996832,2925.999208
1376043023,0.0,2925.999208
1376043323,0.0,2925.999208
1376043624,0.0,2925.999208
1376043924,11.703996832,2925.999208
1376044224,0.0,2925.999208
1376044524,0.0,2925.999208
1376044824,0.0,2925.999208
1376045124,11.703996832,2925.999208
1376045424,0.0,2925.999208
1376045724,0.0,2925.999208
1376046024,0.0,2925.999208
1376046324,11.703996832,2925.999208
1376046624,0.0,2925.999208
1376046924,0.0,2925.999208
1376047224,11.703996832,2925.999208
1376047524,0.0,2925.999208
1376047824,0.0,2925.999208
1376048124,0.0,2925.999208
1376048424,11.703996832,2925.999208
1376048724,0.0,2925.999208
1376049024,0.0,2925.999208
1376049324,0.0,2925.999208
1376049624,0.0,2925.999208
1376049924,0.0,2925.999208
1376050224,0.0,2925.999208
1376050524,0.0,2925.999208
1376050824,11.703996832,2925.999208
1376051124,0.0,2925.999208
1376051424,0.0,2925.999208
1376051724,11.703996832,2925.999208
1376052024,0.0,2925.999208
1376052324,0.0,2925.999208
1376052624,0.0,2925.999208
1376052925,11.703996832,2925.999208
1376053225,0.0,2925.999208
1376053525,0.0,2925.999208
1376053825,0.0,2925.999208
1376054125,0.0,2925.999208
1376054425,0.0,2925.999208
1376054725,0.0,2925.999208
1376055025,11.703996832,2925.999208
1376055325,0.0,2925.999208
1376055625,0.0,2925.999208
1376055925,11.703996832,2925.999208
1376056225,0.0,2925.999208
1376056525,0.0,2925.999208
1376056825,11.703996832,2925.999208
1376057125,0.0,2925.999208
1376057425,0.0,2925.999208
1376057725,11.703996832,2925.999208
1376058025,0.0,2925.999208
1376058325,0.0,2925.999208
1376058625,11.703996832,2925.999208
1376058926,0.0,2925.999208
1376059226,0.0,2925.999208
1376059526,11.703996832,2925.999208
1376059826,0.0,2925.999208
1376060126,0.0,2925.999208
1376060426,0.0,2925.999208
1376060726,11.703996832,2925.999208
1376061026,0.0,2925.999208
1376061326,0.0,2925.999208
1376061626,11.703996832,2925.999208
1376061926,0.0,2925.999208
1376062226,0.0,2925.999208
1376062526,3.901332277333333,2925.999208
1376062826,7.802664554666666,2925.999208
1376063126,0.0,2925.999208
1376063426,0.0,2925.999208
1376063726,11.703996832,2925.999208
1376064026,0.0,2925.999208
1376064326,0.0,2925.999208
1376064626,0.0,2925.999208
1376064926,11.703996832,2925.999208
1376065226,0.0,2925.999208
1376065526,0.0,2925.999208
1376065826,7.802664554666666,2925.999208
1376066126,3.901332277333333,2925.999208
1376066426,0.0,2925.999208
1376066726,0.0,2925.999208
1376067026,7.802664554666666,2925.999208
1376067326,3.901332277333333,2925.999208
1376067626,0.0,2925.999208
1376067926,0.0,2925.999208
1376068226,11.703996832,2925.999208
1376068526,0.0,2925.999208
1376068826,0.0,2925.999208
1376069126,0.0,2925.999208
1376069426,0.0,2925.999208
1376069726,0.0,2925.999208
1376070026,0.0,2925.999208
1376070326,0.0,2925.999208
1376070626,11.703996832,2925.999208
1376070926,0.0,2925.999208
1376071226,0.0,2925.999208
1376071526,11.703996832,2925.999208
1376071826,0.0,2925.999208
1376072126,0.0,2925.999208
1376072426,7.802664554666666,2925.999208
1376072726,3.901332277333333,2925.999208
1376073026,0.0,2925.999208
1376073326,0.0,2925.999208
1376073626,0.0,2925.999208
1376073926,11.703996832,2925.999208
1376074226,0.0,2925.999208
1376074526,0.0,2925.999208
1376074826,11.703996832,2925.999208
1376075126,0.0,2925.999208
1376075426,0.0,2925.999208
1376075726,11.703996832,2925.999208
1376076026,0.0,2925.999208
1376076326,0.0,2925.999208
1376076626,11.703996832,2925.999208
1376076926,0.0,2925.999208
1376077226,0.0,2925.999208
1376077526,0.0,2925.999208
1376077826,0.0,2925.999208
1376078127,11.703996832,2925.999208
1376078427,0.0,2925.999208
1376078727,0.0,2925.999208
1376079027,0.0,2925.999208
1376079327,11.703996832,2925.999208
1376079627,0.0,2925.999208
1376079927,0.0,2925.999208
1376080227,11.703996832,2925.999208
1376080527,0.0,2925.999208
1376080827,0.0,2925.999208
1376081127,0.0,2925.999208
1376081427,11.703996832,2925.999208
1376081727,0.0,2925.999208
1376082027,0.0,2925.999208
1376082327,11.703996832,2925.999208
1376082627,0.0,2925.999208
1376082927,0.0,2925.999208
1376083227,11.703996832,2925.999208
1376083527,0.0,2925.999208
1376083827,0.0,2925.999208
1376084127,0.0,2925.999208
1376084427,11.703996832,2925.999208
1376084727,0.0,2925.999208
1376085027,0.0,2925.999208
1376085327,0.0,2925.999208
1376085627,11.703996832,2925.999208
1376085927,0.0,2925.999208
1376086227,0.0,2925.999208
1376086527,11.703996832,2925.999208
1376086827,0.0,2925.999208
1376087127,0.0,2925.999208
1376087427,11.703996832,2925.999208
1376087727,0.0,2925.999208
1376088028,0.0,2925.999208
1376088328,11.703996832,2925.999208
1376088628,0.0,2925.999208
1376088928,0.0,2925.999208
1376089228,0.0,2925.999208
1376089528,11.703996832,2925.999208
1376089828,0.0,2925.999208
1376090128,0.0,2925.999208
1376090428,0.0,2925.999208
1376090728,11.703996832,2925.999208
1376091028,0.0,2925.999208
1376091328,0.0,2925.999208
1376091628,11.703996832,2925.999208
1376091928,0.0,2925.999208
1376092228,0.0,2925.999208
1376092528,9.753330693333334,2925.999208
1376092828,1.9506661386666664,2925.999208
1376093128,0.0,2925.999208
1376093428,0.0,2925.999208
1376093728,11.703996832,2925.999208
1376094028,0.0,2925.999208
1376094328,0.0,2925.999208
1376094628,0.0,2925.999208
1376094928,11.703996832,2925.999208
1376095228,0.0,2925.999208
1376095528,0.0,2925.999208
1376095828,0.0,2925.999208
1376096128,11.703996832,2925.999208
1376096428,0.0,2925.999208
1376096728,0.0,2925.999208
1376097028,7.802664554666666,2925.999208
1376097328,3.901332277333333,2925.999208
1376097628,0.0,2925.999208
1376097929,0.0,2925.999208
1376098229,7.802664554666666,2925.999208
1376098529,3.901332277333333,2925.999208
1376098829,0.0,2925.999208
1376099129,0.0,2925.999208
1376099429,3.901332277333333,2925.999208
1376099729,7.802664554666666,2925.999208
1376100029,0.0,2925.999208
1376100329,0.0,2925.999208
1376100629,0.0,2925.999208
1376100929,0.0,2925.999208
1376101229,11.703996832,2925.999208
1376101529,0.0,2925.999208
1376101829,0.0,2925.999208
1376102128,11.703996832,2925.999208
1376102428,0.0,2925.999208
1376102728,0.0,2925.999208
1376103028,0.0,2925.999208
1376103329,11.703996832,2925.999208
1376103629,0.0,2925.999208
1376103929,0.0,2925.999208
1376104229,11.703996832,2925.999208
1376104529,0.0,2925.999208
1376104829,0.0,2925.999208
1376105129,3.901332277333333,2925.999208
1376105429,7.802664554666666,2925.999208
1376105729,0.0,2925.999208
1376106029,0.0,2925.999208
1376106329,11.703996832,2925.999208
1376106629,0.0,2925.999208
1376106929,0.0,2925.999208
1376107229,0.0,2925.999208
1376107529,11.703996832,2925.999208
1376107829,0.0,2925.999208
1376108129,0.0,2925.999208
1376108429,11.703996832,2925.999208
1376108729,0.0,2925.999208
1376109029,3.901332277333333,2925.999208
1376109329,7.802664554666666,2925.999208
1376109629,0.0,2925.999208
1376109929,0.0,2925.999208
1376110229,0.0,2925.999208
1376110529,0.0,2925.999208
1376110829,0.0,2925.999208
1376111129,0.0,2925.999208
1376111429,11.703996832,2925.999208
1376111729,0.0,2925.999208
1376112029,0.0,2925.999208
1376112329,11.703996832,2925.999208
1376112630,0.0,2925.999208
1376112930,0.0,2925.999208
1376113230,11.703996832,2925.999208
1376113530,0.0,2925.999208
1376113830,0.0,2925.999208
1376114130,11.703996832,2925.999208
1376114430,0.0,2925.999208
1376114730,0.0,2925.999208
1376115030,0.0,2925.999208
1376115330,11.703996832,2925.999208
1376115630,0.0,2925.999208
1376115930,0.0,2925.999208
1376116230,0.0,2925.999208
1376116530,11.703996832,2925.999208
1376116830,0.0,2925.999208
1376117130,0.0,2925.999208
1376117430,11.703996832,2925.999208
1376117730,0.0,2925.999208
1376118030,0.0,2925.999208
1376118330,11.703996832,2925.999208
1376118630,0.0,2925.999208
1376118930,0.0,2925.999208
1376119230,0.0,2925.999208
1376119530,11.703996832,2925.999208
1376119830,0.0,2925.999208
1376120130,0.0,2925.999208
1376120430,11.703996832,2925.999208
1376120730,0.0,2925.999208
1376121031,0.0,2925.999208
1376121331,0.0,2925.999208
1376121631,0.0,2925.999208
1376121931,0.0,2925.999208
1376122231,0.0,2925.999208
1376122531,0.0,2925.999208
1376122831,0.0,2925.999208
1376123131,0.0,2925.999208
1376123431,0.0,2925.999208
1376123731,11.703996832,2925.999208
1376124031,0.0,2925.999208
1376124331,0.0,2925.999208
1376124631,3.901332277333333,2925.999208
1376124931,7.802664554666666,2925.999208
1376125231,0.0,2925.999208
1376125531,0.0,2925.999208
1376125831,11.703996832,2925.999208
1376126131,0.0,2925.999208
1376126431,0.0,2925.999208
1376126731,11.703996832,2925.999208
1376127031,0.0,2925.999208
1376127331,0.0,2925.999208
1376127631,0.0,2925.999208
1376127931,11.703996832,2925.999208
1376128232,0.0,2925.999208
1376128532,0.0,2925.999208
1376128832,11.703996832,2925.999208
1376129132,0.0,2925.999208
1376129432,0.0,2925.999208
1376129732,11.703996832,2925.999208
1376130032,0.0,2925.999208
1376130332,0.0,2925.999208
1376130632,11.703996832,2925.999208
1376130932,0.0,2925.999208
1376131232,0.0,2925.999208
1376131532,0.0,2925.999208
1376131832,11.703996832,2925.999208
1376132132,0.0,2925.999208
1376132432,0.0,2925.999208
1376132732,11.703996832,2925.999208
1376133032,0.0,2925.999208
1376133332,0.0,2925.999208
1376133632,0.0,2925.999208
1376133932,11.703996832,2925.999208
1376134232,0.0,2925.999208
1376134532,0.0,2925.999208
1376134832,11.703996832,2925.999208
1376135132,0.0,2925.999208
1376135432,0.0,2925.999208
1376135732,0.0,2925.999208
1376136032,0.0,2925.999208
1376136332,0.0,2925.999208
1376136632,0.0,2925.999208
1376136932,0.0,2925.999208
1376137232,11.703996832,2925.999208
1376137532,0.0,2925.999208
1376137832,0.0,2925.999208
1376138132,0.0,2925.999208
1376138432,11.703996832,2925.999208
1376138732,0.0,2925.999208
1376139032,0.0,2925.999208
1376139332,0.0,2925.999208
1376139632,0.0,2925.999208
1376139932,0.0,2925.999208
1376140232,0.0,2925.999208
1376140532,11.703996832,2925.999208
1376140832,0.0,2925.999208
1376141132,0.0,2925.999208
1376141432,0.0,2925.999208
1376141732,11.703996832,2925.999208
1376142032,0.0,2925.999208
1376142332,0.0,2925.999208
1376142632,0.0,2925.999208
1376142933,11.703996832,2925.999208
1376143233,0.0,2925.999208
1376143533,0.0,2925.999208
1376143833,11.703996832,2925.999208
1376144133,0.0,2925.999208
1376144433,0.0,2925.999208
1376144733,11.703996832,2925.999208
1376145033,0.0,2925.999208
1376145333,0.0,2925.999208
1376145633,0.0,2925.999208
1376145933,11.703996832,2925.999208
1376146233,0.0,2925.999208
1376146533,0.0,2925.999208
1376146833,0.0,2925.999208
1376147133,0.0,2925.999208
1376147433,0.0,2925.999208
1376147733,0.0,2925.999208
1376148033,11.703996832,2925.999208
1376148333,0.0,2925.999208
1376148633,0.0,2925.999208
1376148933,11.703996832,2925.999208
1376149233,0.0,2925.999208
1376149533,0.0,2925.999208
1376149833,0.0,2925.999208
1376150133,11.703996832,2925.999208
1376150433,0.0,2925.999208
1376150734,0.0,2925.999208
1376151034,0.0,2925.999208
1376151334,11.703996832,2925.999208
1376151634,0.0,2925.999208
1376151934,0.0,2925.999208
1376152234,11.703996832,2925.999208
1376152534,0.0,2925.999208
1376152834,0.0,2925.999208
1376153134,0.0,2925.999208
1376153434,0.0,2925.999208
1376153734,0.0,2925.999208
1376154034,0.0,2925.999208
1376154334,0.0,2925.999208
1376154634,11.703996832,2925.999208
1376154934,0.0,2925.999208
1376155234,0.0,2925.999208
1376155534,11.703996832,2925.999208
1376155834,0.0,2925.999208
1376156134,0.0,2925.999208
1376156434,11.703996832,2925.999208
1376156734,0.0,2925.999208
1376157034,0.0,2925.999208
1376157334,0.0,2925.999208
1376157634,11.703996832,2925.999208
1376157934,0.0,2925.999208
1376158234,7.802664554666666,2925.999208
1376158534,3.901332277333333,2925.999208
1376158834,0.0,2925.999208
1376159134,0.0,2925.999208
1376159434,11.703996832,2925.999208
1376159735,0.0,2925.999208
1376160035,0.0,2925.999208
1376160335,11.703996832,2925.999208
1376160635,0.0,2925.999208
1376160935,0.0,2925.999208
1376161235,11.703996832,2925.999208
1376161535,0.0,2925.999208
1376161835,0.0,2925.999208
1376162135,0.0,2925.999208
1376162435,7.802664554666666,2925.999208
1376162735,0.0,2925.999208
1376163035,0.0,2925.999208
1376163335,11.703996832,2925.999208
1376163635,0.0,2925.999208
1376163935,0.0,2925.999208
1376164235,11.703996832,2925.999208
1376164535,0.0,2925.999208
1376164835,0.0,2925.999208
1376165135,12.539996605714286,2925.999208
1376165435,0.0,2925.999208
1376165735,0.0,2925.999208
1376166035,0.0,2925.999208
1376166335,11.703996832,2925.999208
1376166635,0.0,2925.999208
1376166935,0.0,2925.999208
1376167235,0.0,2925.999208
1376167535,11.703996832,2925.999208
1376167835,0.0,2925.999208
1376168135,0.0,2925.999208
1376168435,12.539996605714286,2925.999208
1376168735,0.0,2925.999208
1376169035,0.0,2925.999208
1376169335,11.703996832,2925.999208
1376169635,0.0,2925.999208
1376169935,0.0,2925.999208
1376170235,0.0,2925.999208
1376170535,12.539996605714286,2925.999208
1376170835,0.0,2925.999208
1376171135,0.0,2925.999208
1376171435,7.802664554666666,2925.999208
1376171735,3.901332277333333,2925.999208
1376172035,0.0,2925.999208
1376172335,0.0,2925.999208
1376172635,11.703996832,2925.999208
1376172935,0.0,2925.999208
1376173235,0.0,2925.999208
1376173535,11.703996832,2925.999208
1376173835,0.0,2925.999208
1376174136,0.0,2925.999208
1376174436,0.0,2925.999208
1376174736,0.0,2925.999208
1376175036,0.0,2925.999208
1376175336,0.0,2925.999208
1376175636,0.0,2925.999208
1376175936,0.0,2925.999208
1376176236,0.0,2925.999208
1376176536,0.0,2925.999208
1376176836,0.0,2925.999208
1376177136,11.703996832,2925.999208
1376177436,0.0,2925.999208
1376177736,0.0,2925.999208
1376178036,11.703996832,2925.999208
1376178336,0.0,2925.999208
1376178636,0.0,2925.999208
1376178936,0.0,2925.999208
1376179236,11.703996832,2925.999208
1376179536,0.0,2925.999208
1376179836,0.0,2925.999208
1376180136,11.703996832,2925.999208
1376180436,0.0,2925.999208
1376180736,0.0,2925.999208
1376181036,0.0,2925.999208
1376181336,0.0,2925.999208
1376181636,0.0,2925.999208
1376181936,0.0,2925.999208
1376182236,0.0,2925.999208
1376182536,11.703996832,2925.999208
1376182836,0.0,2925.999208
1376183136,0.0,2925.999208
1376183436,11.703996832,2925.999208
1376183736,0.0,2925.999208
1376184037,0.0,2925.999208
1376184337,0.0,2925.999208
1376184637,11.703996832,2925.999208
1376184937,0.0,2925.999208
1376185237,0.0,2925.999208
1376185537,0.0,2925.999208
1376185837,11.703996832,2925.999208
1376186137,0.0,2925.999208
1376186437,0.0,2925.999208
1376186737,11.703996832,2925.999208
1376187037,0.0,2925.999208
1376187337,0.0,2925.999208
1376187637,11.703996832,2925.999208
1376187937,0.0,2925.999208
1376188237,0.0,2925.999208
1376188537,0.0,2925.999208
1376188837,11.703996832,2925.999208
1376189137,0.0,2925.999208
1376189437,0.0,2925.999208
1376189737,3.901332277333333,2925.999208
1376190037,7.802664554666666,2925.999208
1376190337,0.0,2925.999208
1376190637,0.0,2925.999208
1376190937,11.703996832,2925.999208
1376191237,0.0,2925.999208
1376191537,0.0,2925.999208
1376191837,0.0,2925.999208
1376192138,11.703996832,2925.999208
1376192438,0.0,2925.999208
1376192738,0.0,2925.999208
1376193038,0.0,2925.999208
1376193338,0.0,2925.999208
1376193638,0.0,2925.999208
1376193938,0.0,2925.999208
1376194238,11.703996832,2925.999208
1376194538,0.0,2925.999208
1376194838,0.0,2925.999208
1376195138,0.0,2925.999208
1376195438,11.703996832,2925.999208
1376195738,0.0,2925.999208
1376196038,0.0,2925.999208
1376196338,7.802664554666666,2925.999208
1376196638,3.901332277333333,2925.999208
1376196938,0.0,2925.999208
1376197238,11.703996832,2925.999208
1376197538,0.0,2925.999208
1376197838,0.0,2925.999208
1376198138,11.703996832,2925.999208
1376198438,0.0,2925.999208
1376198738,0.0,2925.999208
1376199038,0.0,2925.999208
1376199338,11.703996832,2925.999208
1376199638,0.0,2925.999208
1376199938,0.0,2925.999208
1376200238,11.703996832,2925.999208
1376200538,0.0,2925.999208
1376200838,0.0,2925.999208
1376201138,11.703996832,2925.999208
1376201438,0.0,2925.999208
1376201738,0.0,2925.999208
1376202038,11.703996832,2925.999208
1376202338,0.0,2925.999208
1376202638,0.0,2925.999208
1376202938,11.703996832,2925.999208
1376203238,0.0,2925.999208
1376203538,0.0,2925.999208
1376203838,0.0,2925.999208
1376204138,11.703996832,2925.999208
1376204438,0.0,2925.999208
1376204738,0.0,2925.999208
1376205038,0.0,2925.999208
1376205338,11.703996832,2925.999208
1376205638,0.0,2925.999208
1376205938,0.0,2925.999208
1376206238,0.0,2925.999208
1376206538,0.0,2925.999208
1376206838,0.0,2925.999208
1376207138,5.851998416,2925.999208
1376207438,5.851998416,2925.999208
1376207738,0.0,2925.999208
1376208038,0.0,2925.999208
1376208339,0.0,2925.999208
1376208639,3.901332277333333,2925.999208
1376208939,7.802664554666666,2925.999208
1376209239,0.0,2925.999208
1376209539,3.901332277333333,2925.999208
1376209839,7.802664554666666,2925.999208
1376210139,0.0,2925.999208
1376210439,0.0,2925.999208
1376210739,0.0,2925.999208
1376211039,11.703996832,2925.999208
1376211339,0.0,2925.999208
1376211639,0.0,2925.999208
1376211939,11.703996832,2925.999208
1376212239,0.0,2925.999208
1376212539,0.0,2925.999208
1376212839,1.9506661386666664,2925.999208
1376213139,9.753330693333334,2925.999208
1376213439,0.0,2925.999208
1376213739,0.0,2925.999208
1376214039,11.703996832,2925.999208
1376214339,0.0,2925.999208
1376214639,0.0,2925.999208
1376214939,11.703996832,2925.999208
1376215239,0.0,2925.999208
1376215539,0.0,2925.999208
1376215839,0.0,2925.999208
1376216139,11.703996832,2925.999208
1376216439,0.0,2925.999208
1376216739,0.0,2925.999208
1376217039,0.0,2925.999208
1376217339,11.703996832,2925.999208
1376217639,0.0,2925.999208
1376217939,0.0,2925.999208
1376218239,0.0,2925.999208
1376218539,11.703996832,2925.999208
1376218839,0.0,2925.999208
1376219139,0.0,2925.999208
1376219439,11.703996832,2925.999208
1376219739,0.0,2925.999208
1376220039,0.0,2925.999208
1376220339,0.0,2925.999208
1376220639,11.703996832,2925.999208
1376220939,0.0,2925.999208
1376221239,0.0,2925.999208
1376221539,0.0,2925.999208
1376221839,11.703996832,2925.999208
1376222139,0.0,2925.999208
1376222439,0.0,2925.999208
1376222739,0.0,2925.999208
1376223039,11.703996832,2925.999208
1376223339,0.0,2925.999208
1376223639,3.901332277333333,2925.999208
1376223939,7.802664554666666,2925.999208
1376224239,0.0,2925.999208
1376224539,11.703996832,2925.999208
1376224839,0.0,2925.999208
1376225139,0.0,2925.999208
1376225439,0.0,2925.999208
1376225740,11.703996832,2925.999208
1376226040,0.0,2925.999208
1376226340,0.0,2925.999208
1376226640,11.703996832,2925.999208
1376226940,0.0,2925.999208
1376227240,0.0,2925.999208
1376227540,0.0,2925.999208
1376227840,11.703996832,2925.999208
1376228140,0.0,2925.999208
1376228440,0.0,2925.999208
1376228740,0.0,2925.999208
1376229040,11.703996832,2925.999208
1376229340,0.0,2925.999208
1376229640,0.0,2925.999208
1376229940,3.901332277333333,2925.999208
1376230240,7.802664554666666,2925.999208
1376230540,0.0,2925.999208
1376230840,11.703996832,2925.999208
1376231140,0.0,2925.999208
1376231440,0.0,2925.999208
1376231740,0.0,2925.999208
1376232040,11.703996832,2925.999208
1376232340,0.0,2925.999208
1376232640,0.0,2925.999208
1376232940,0.0,2925.999208
1376233240,11.703996832,2925.999208
1376233540,0.0,2925.999208
1376233840,0.0,2925.999208
1376234140,0.0,2925.999208
1376234440,11.703996832,2925.999208
1376234740,0.0,2925.999208
1376235040,0.0,2925.999208
1376235340,11.703996832,2925.999208
1376235640,0.0,2925.999208
1376235940,0.0,2925.999208
1376236240,0.0,2925.999208
1376236540,0.0,2925.999208
1376236840,0.0,2925.999208
1376237140,0.0,2925.999208
1376237440,0.0,2925.999208
1376237740,11.703996832,2925.999208
1376238040,0.0,2925.999208
1376238340,0.0,2925.999208
1376238640,0.0,2925.999208
1376238940,11.703996832,2925.999208
1376239240,0.0,2925.999208
1376239540,0.0,2925.999208
1376239840,11.703996832,2925.999208
1376240140,0.0,2925.999208
1376240440,0.0,2925.999208
1376240741,11.703996832,2925.999208
1376241041,0.0,2925.999208
1376241341,0.0,2925.999208
1376241641,0.0,2925.999208
1376241941,11.703996832,2925.999208
1376242241,0.0,2925.999208
1376242541,0.0,2925.999208
1376242841,11.703996832,2925.999208
1376243141,0.0,2925.999208
1376243441,0.0,2925.999208
1376243741,11.703996832,2925.999208
1376244041,0.0,2925.999208
1376244341,0.0,2925.999208
1376244641,11.703996832,2925.999208
1376244941,0.0,2925.999208
1376245241,0.0,2925.999208
1376245541,0.0,2925.999208
1376245841,3.901332277333333,2925.999208
1376246141,7.802664554666666,2925.999208
1376246441,0.0,2925.999208
1376246741,0.0,2925.999208
1376247041,11.703996832,2925.999208
1376247341,0.0,2925.999208
1376247641,0.0,2925.999208
1376247941,0.0,2925.999208
1376248241,0.0,2925.999208
1376248541,11.703996832,2925.999208
1376248841,0.0,2925.999208
1376249141,0.0,2925.999208
1376249441,0.0,2925.999208
1376249741,0.0,2925.999208
1376250041,0.0,2925.999208
1376250341,0.0,2925.999208
1376250641,0.0,2925.999208
1376250941,0.0,2925.999208
1376251241,11.703996832,2925.999208
1376251541,0.0,2925.999208
1376251841,0.0,2925.999208
1376252141,11.703996832,2925.999208
1376252441,0.0,2925.999208
1376252741,0.0,2925.999208
1376253041,0.0,2925.999208
1376253341,11.703996832,2925.999208
1376253641,0.0,2925.999208
1376253941,0.0,2925.999208
1376254241,0.0,2925.999208
1376254541,11.703996832,2925.999208
1376254841,0.0,2925.999208
1376255141,0.0,2925.999208
1376255441,3.901332277333333,2925.999208
1376255741,7.802664554666666,2925.999208
1376256041,0.0,2925.999208
1376256341,0.0,2925.999208
1376256641,11.703996832,2925.999208
1376256941,0.0,2925.999208
1376257241,0.0,2925.999208
1376257541,0.0,2925.999208
1376257842,11.703996832,2925.999208
1376258142,0.0,2925.999208
1376258442,0.0,2925.999208
1376258742,11.703996832,2925.999208
1376259042,0.0,2925.999208
1376259342,0.0,2925.999208
1376259642,11.703996832,2925.999208
1376259942,0.0,2925.999208
1376260242,0.0,2925.999208
1376260542,0.0,2925.999208
1376260842,11.703996832,2925.999208
1376261142,0.0,2925.999208
1376261442,0.0,2925.999208
1376261742,11.703996832,2925.999208
1376262042,0.0,2925.999208
1376262342,0.0,2925.999208
1376262642,11.703996832,2925.999208
1376262942,0.0,2925.999208
1376263242,0.0,2925.999208
1376263542,0.0,2925.999208
1376263842,11.703996832,2925.999208
1376264142,0.0,2925.999208
1376264442,0.0,2925.999208
1376264742,11.703996832,2925.999208
1376265042,0.0,2925.999208
1376265342,0.0,2925.999208
1376265642,9.753330693333334,2925.999208
1376265942,0.0,2925.999208
1376266242,0.0,2925.999208
1376266542,11.703996832,2925.999208
1376266842,0.0,2925.999208
1376267142,0.0,2925.999208
1376267442,0.0,2925.999208
1376267742,11.703996832,2925.999208
1376268042,0.0,2925.999208
1376268342,0.0,2925.999208
1376268642,0.0,2925.999208
1376268942,0.0,2925.999208
1376269242,0.0,2925.999208
1376269542,0.0,2925.999208
1376269842,11.703996832,2925.999208
1376270142,0.0,2925.999208
1376270442,0.0,2925.999208
1376270742,0.0,2925.999208
1376271042,0.0,2925.999208
1376271342,0.0,2925.999208
1376271642,0.0,2925.999208
1376271942,0.0,2925.999208
1376272242,11.703996832,2925.999208
1376272542,0.0,2925.999208
1376272842,0.0,2925.999208
1376273142,11.703996832,2925.999208
1376273442,0.0,2925.999208
1376273743,0.0,2925.999208
1376274043,3.901332277333333,2925.999208
1376274343,7.802664554666666,2925.999208
1376274643,0.0,2925.999208
1376274943,0.0,2925.999208
1376275243,0.0,2925.999208
1376275543,0.0,2925.999208
1376275843,0.0,2925.999208
1376276143,11.703996832,2925.999208
1376276443,0.0,2925.999208
1376276743,0.0,2925.999208
1376277043,0.0,2925.999208
1376277343,11.703996832,2925.999208
1376277643,0.0,2925.999208
1376277943,0.0,2925.999208
1376278243,11.703996832,2925.999208
1376278543,0.0,2925.999208
1376278843,0.0,2925.999208
1376279143,0.0,2925.999208
1376279443,11.703996832,2925.999208
1376279743,0.0,2925.999208
1376280043,0.0,2925.999208
1376280343,11.703996832,2925.999208
1376280643,0.0,2925.999208
1376280943,0.0,2925.999208
1376281243,0.0,2925.999208
1376281543,11.703996832,2925.999208
1376281843,0.0,2925.999208
1376282143,0.0,2925.999208
1376282443,0.0,2925.999208
1376282743,0.0,2925.999208
1376283043,11.703996832,2925.999208
1376283343,0.0,2925.999208
1376283643,0.0,2925.999208
1376283943,0.0,2925.999208
1376284243,11.703996832,2925.999208
1376284543,0.0,2925.999208
1376284843,0.0,2925.999208
1376285143,11.703996832,2925.999208
1376285443,0.0,2925.999208
1376285743,0.0,2925.999208
1376286043,11.703996832,2925.999208
1376286343,0.0,2925.999208
1376286643,0.0,2925.999208
1376286943,3.901332277333333,2925.999208
1376287243,7.802664554666666,2925.999208
1376287543,0.0,2925.999208
1376287843,0.0,2925.999208
1376288143,0.0,2925.999208
1376288443,0.0,2925.999208
1376288743,0.0,2925.999208
1376289043,0.0,2925.999208
1376289343,11.703996832,2925.999208
1376289643,0.0,2925.999208
1376289943,0.0,2925.999208
1376290243,11.703996832,2925.999208
1376290543,0.0,2925.999208
1376290844,0.0,2925.999208
1376291144,11.703996832,2925.999208
1376291444,0.0,2925.999208
1376291744,0.0,2925.999208
1376292044,11.703996832,2925.999208
1376292344,0.0,2925.999208
1376292644,0.0,2925.999208
1376292944,0.0,2925.999208
1376293244,11.703996832,2925.999208
1376293544,0.0,2925.999208
1376293844,0.0,2925.999208
1376294144,0.0,2925.999208
1376294444,0.0,2925.999208
1376294744,0.0,2925.999208
1376295044,0.0,2925.999208
1376295344,0.0,2925.999208
1376295644,11.703996832,2925.999208
1376295944,0.0,2925.999208
1376296244,0.0,2925.999208
1376296544,0.0,2925.999208
1376296844,11.703996832,2925.999208
1376297144,0.0,2925.999208
1376297444,0.0,2925.999208
1376297744,11.703996832,2925.999208
1376298044,0.0,2925.999208
1376298344,0.0,2925.999208
1376298644,3.901332277333333,2925.999208
1376298944,7.802664554666666,2925.999208
1376299244,0.0,2925.999208
1376299544,0.0,2925.999208
1376299844,11.703996832,2925.999208
1376300144,0.0,2925.999208
1376300444,0.0,2925.999208
1376300744,11.703996832,2925.999208
1376301044,0.0,2925.999208
1376301344,0.0,2925.999208
1376301644,0.0,2925.999208
1376301944,11.703996832,2925.999208
1376302244,0.0,2925.999208
1376302544,0.0,2925.999208
1376302844,11.703996832,2925.999208
1376303144,0.0,2925.999208
1376303444,0.0,2925.999208
1376303745,11.703996832,2925.999208
1376304045,0.0,2925.999208
1376304345,0.0,2925.999208
1376304645,0.0,2925.999208
1376304945,11.703996832,2925.999208
1376305245,0.0,2925.999208
1376305545,0.0,2925.999208
1376305845,0.0,2925.999208
1376306145,0.0,2925.999208
1376306445,0.0,2925.999208
1376306745,0.0,2925.999208
1376307045,3.901332277333333,2925.999208
1376307345,7.802664554666666,2925.999208
1376307645,0.0,2925.999208
1376307945,0.0,2925.999208
1376308245,0.0,2925.999208
1376308545,0.0,2925.999208
1376308845,11.703996832,2925.999208
1376309145,0.0,2925.999208
1376309445,0.0,2925.999208
1376309745,11.703996832,2925.999208
1376310045,0.0,2925.999208
1376310345,0.0,2925.999208
1376310646,11.703996832,2925.999208
1376310946,0.0,2925.999208
1376311246,0.0,2925.999208
1376311546,11.703996832,2925.999208
1376311846,0.0,2925.999208
1376312146,0.0,2925.999208
1376312446,3.901332277333333,2925.999208
1376312746,7.802664554666666,2925.999208
1376313046,0.0,2925.999208
1376313346,11.703996832,2925.999208
1376313646,0.0,2925.999208
1376313946,0.0,2925.999208
1376314246,0.0,2925.999208
1376314546,7.802664554666666,2925.999208
1376314846,3.901332277333333,2925.999208
1376315146,0.0,2925.999208
1376315446,0.0,2925.999208
1376315746,11.703996832,2925.999208
1376316046,0.0,2925.999208
1376316346,0.0,2925.999208
1376316646,11.703996832,2925.999208
1376316946,0.0,2925.999208
1376317246,0.0,2925.999208
1376317546,0.0,2925.999208
1376317846,0.0,2925.999208
1376318146,0.0,2925.999208
1376318446,0.0,2925.999208
1376318746,0.0,2925.999208
1376319046,11.703996832,2925.999208
1376319346,0.0,2925.999208
1376319646,0.0,2925.999208
1376319946,0.0,2925.999208
1376320246,11.703996832,2925.999208
1376320546,0.0,2925.999208
1376320846,0.0,2925.999208
1376321146,11.703996832,2925.999208
1376321446,0.0,2925.999208
1376321746,0.0,2925.999208
1376322046,0.0,2925.999208
1376322346,11.703996832,2925.999208
1376322647,0.0,2925.999208
1376322947,0.0,2925.999208
1376323247,11.703996832,2925.999208
1376323547,0.0,2925.999208
1376323847,0.0,2925.999208
1376324147,3.901332277333333,2925.999208
1376324447,7.802664554666666,2925.999208
1376324747,0.0,2925.999208
1376325047,0.0,2925.999208
1376325347,11.703996832,2925.999208
1376325647,0.0,2925.999208
1376325947,0.0,2925.999208
1376326247,11.703996832,2925.999208
1376326547,0.0,2925.999208
1376326847,0.0,2925.999208
1376327147,11.703996832,2925.999208
1376327447,0.0,2925.999208
1376327747,0.0,2925.999208
1376328047,0.0,2925.999208
1376328347,11.703996832,2925.999208
1376328647,0.0,2925.999208
1376328947,0.0,2925.999208
1376329247,11.703996832,2925.999208
1376329547,0.0,2925.999208
1376329847,0.0,2925.999208
1376330147,0.0,2925.999208
1376330447,11.703996832,2925.999208
1376330747,0.0,2925.999208
1376331047,0.0,2925.999208
1376331347,11.703996832,2925.999208
1376331647,0.0,2925.999208
1376331947,0.0,2925.999208
1376332247,0.0,2925.999208
1376332547,11.703996832,2925.999208
1376332847,0.0,2925.999208
1376333147,0.0,2925.999208
1376333447,0.0,2925.999208
1376333747,11.703996832,2925.999208
1376334047,0.0,2925.999208
1376334347,0.0,2925.999208
1376334647,3.901332277333333,2925.999208
1376334947,7.802664554666666,2925.999208
1376335247,0.0,2925.999208
1376335547,0.0,2925.999208
1376335847,0.0,2925.999208
1376336147,0.0,2925.999208
1376336447,0.0,2925.999208
1376336747,0.0,2925.999208
1376337047,11.703996832,2925.999208
1376337347,0.0,2925.999208
1376337647,0.0,2925.999208
1376337947,11.703996832,2925.999208
1376338248,0.0,2925.999208
1376338548,0.0,2925.999208
1376338848,0.0,2925.999208
1376339148,11.703996832,2925.999208
1376339448,0.0,2925.999208
1376339748,0.0,2925.999208
1376340048,11.703996832,2925.999208
1376340348,0.0,2925.999208
1376340648,0.0,2925.999208
1376340948,0.0,2925.999208
1376341248,11.703996832,2925.999208
1376341548,0.0,2925.999208
1376341848,0.0,2925.999208
1376342148,0.0,2925.999208
1376342448,11.703996832,2925.999208
1376342748,0.0,2925.999208
1376343048,0.0,2925.999208
1376343348,11.703996832,2925.999208
1376343648,0.0,2925.999208
1376343948,0.0,2925.999208
1376344248,0.0,2925.999208
1376344548,0.0,2925.999208
1376344848,11.703996832,2925.999208
1376345148,0.0,2925.999208
1376345448,0.0,2925.999208
1376345748,11.703996832,2925.999208
1376346048,0.0,2925.999208
1376346348,0.0,2925.999208
1376346648,0.0,2925.999208
1376346948,11.703996832,2925.999208
1376347248,0.0,2925.999208
1376347548,0.0,2925.999208
1376347848,11.703996832,2925.999208
1376348148,0.0,2925.999208
1376348448,0.0,2925.999208
1376348749,11.703996832,2925.999208
1376349049,0.0,2925.999208
1376349349,0.0,2925.999208
1376349649,9.753330693333334,2925.999208
1376349949,0.0,2925.999208
1376350249,0.0,2925.999208
1376350549,0.0,2925.999208
1376350849,11.703996832,2925.999208
1376351149,0.0,2925.999208
1376351449,0.0,2925.999208
1376351749,0.0,2925.999208
1376352049,11.703996832,2925.999208
1376352349,0.0,2925.999208
1376352649,0.0,2925.999208
1376352949,0.0,2925.999208
1376353249,11.703996832,2925.999208
1376353549,0.0,2925.999208
1376353849,7.802664554666666,2925.999208
1376354149,3.901332277333333,2925.999208
1376354449,0.0,2925.999208
1376354749,0.0,2925.999208
1376355049,11.703996832,2925.999208
1376355349,0.0,2925.999208
1376355649,0.0,2925.999208
1376355949,11.703996832,2925.999208
1376356249,0.0,2925.999208
1376356549,0.0,2925.999208
1376356849,0.0,2925.999208
1376357149,11.703996832,2925.999208
1376357449,0.0,2925.999208
1376357749,0.0,2925.999208
1376358049,11.703996832,2925.999208
1376358349,0.0,2925.999208
1376358649,0.0,2925.999208
1376358949,0.0,2925.999208
1376359250,11.703996832,2925.999208
1376359550,0.0,2925.999208
1376359850,0.0,2925.999208
1376360150,11.703996832,2925.999208
1376360450,0.0,2925.999208
1376360750,0.0,2925.999208
1376361050,0.0,2925.999208
1376361350,0.0,2925.999208
1376361650,0.0,2925.999208
1376361950,0.0,2925.999208
1376362250,0.0,2925.999208
1376362550,11.703996832,2925.999208
1376362849,0.0,2925.999208
1376363149,0.0,2925.999208
1376363449,0.0,2925.999208
1376363749,11.703996832,2925.999208
1376364049,0.0,2925.999208
1376364349,0.0,2925.999208
1376364650,11.703996832,2925.999208
1376364950,0.0,2925.999208
1376365250,0.0,2925.999208
1376365550,0.0,2925.999208
1376365850,11.703996832,2925.999208
1376366150,0.0,2925.999208
1376366450,0.0,2925.999208
1376366750,0.0,2925.999208
1376367050,0.0,2925.999208
1376367350,11.703996832,2925.999208
1376367650,0.0,2925.999208
1376367950,7.802664554666666,2925.999208
1376368250,3.901332277333333,2925.999208
1376368550,0.0,2925.999208
1376368850,0.0,2925.999208
1376369150,3.901332277333333,2925.999208
1376369450,7.802664554666666,2925.999208
1376369750,0.0,2925.999208
1376370050,11.703996832,2925.999208
1376370350,0.0,2925.999208
1376370650,0.0,2925.999208
1376370950,0.0,2925.999208
1376371250,0.0,2925.999208
1376371550,0.0,2925.999208
1376371850,11.703996832,2925.999208
1376372150,0.0,2925.999208
1376372450,0.0,2925.999208
1376372750,11.703996832,2925.999208
1376373050,0.0,2925.999208
1376373350,0.0,2925.999208
1376373651,0.0,2925.999208
1376373951,11.703996832,2925.999208
1376374251,0.0,2925.999208
1376374551,0.0,2925.999208
1376374851,3.901332277333333,2925.999208
1376375151,7.802664554666666,2925.999208
1376375451,0.0,2925.999208
1376375751,0.0,2925.999208
1376376051,11.703996832,2925.999208
1376376351,0.0,2925.999208
1376376651,0.0,2925.999208
1376376951,0.0,2925.999208
1376377251,0.0,2925.999208
1376377551,0.0,2925.999208
1376377851,0.0,2925.999208
1376378151,0.0,2925.999208
1376378451,11.703996832,2925.999208
1376378751,0.0,2925.999208
1376379051,0.0,2925.999208
1376379351,11.703996832,2925.999208
1376379651,0.0,2925.999208
1376379951,0.0,2925.999208
1376380251,0.0,2925.999208
1376380551,11.703996832,2925.999208
1376380851,0.0,2925.999208
1376381151,0.0,2925.999208
1376381451,0.0,2925.999208
1376381751,11.703996832,2925.999208
1376382051,0.0,2925.999208
1376382351,0.0,2925.999208
1376382651,0.0,2925.999208
1376382951,11.703996832,2925.999208
1376383251,0.0,2925.999208
1376383551,0.0,2925.999208
1376383851,11.703996832,2925.999208
1376384151,0.0,2925.999208
1376384451,0.0,2925.999208
1376384752,11.703996832,2925.999208
1376385052,0.0,2925.999208
1376385352,0.0,2925.999208
1376385652,0.0,2925.999208
1376385952,11.703996832,2925.999208
1376386252,0.0,2925.999208
1376386552,0.0,2925.999208
1376386852,0.0,2925.999208
1376387152,0.0,2925.999208
1376387452,11.703996832,2925.999208
1376387752,0.0,2925.999208
1376388052,0.0,2925.999208
1376388352,7.802664554666666,2925.999208
1376388652,3.901332277333333,2925.999208
1376388952,0.0,2925.999208
1376389252,0.0,2925.999208
1376389552,11.703996832,2925.999208
1376389852,0.0,2925.999208
1376390152,0.0,2925.999208
1376390452,0.0,2925.999208
1376390752,11.703996832,2925.999208
1376391052,0.0,2925.999208
1376391352,0.0,2925.999208
1376391652,0.0,2925.999208
1376391952,7.802664554666666,2925.999208
1376392252,3.901332277333333,2925.999208
1376392552,0.0,2925.999208
1376392853,0.0,2925.999208
1376393153,0.0,2925.999208
1376393453,0.0,2925.999208
1376393753,0.0,2925.999208
1376394053,0.0,2925.999208
1376394353,0.0,2925.999208
1376394653,0.0,2925.999208
1376394953,0.0,2925.999208
1376395253,0.0,2925.999208
1376395552,0.0,2925.999208
1376395852,0.0,2925.999208
1376396152,0.0,2925.999208
1376396452,0.0,2925.999208
1376396752,0.0,2925.999208
1376397052,0.0,2925.999208
1376397352,0.0,2925.999208
1376397652,0.0,2925.999208
1376397952,11.703996832,2925.999208
1376398252,0.0,2925.999208
1376398552,0.0,2925.999208
1376398853,11.703996832,2925.999208
1376399153,0.0,2925.999208
1376399453,0.0,2925.999208
1376399753,11.703996832,2925.999208
1376400053,0.0,2925.999208
1376400353,0.0,2925.999208
1376400653,0.0,2925.999208
1376400953,11.703996832,2925.999208
1376401253,0.0,2925.999208
1376401553,0.0,2925.999208
1376401853,11.703996832,2925.999208
1376402153,0.0,2925.999208
1376402453,0.0,2925.999208
1376402753,0.0,2925.999208
1376403053,0.0,2925.999208
1376403353,0.0,2925.999208
1376403653,0.0,2925.999208
1376403953,0.0,2925.999208
1376404253,11.703996832,2925.999208
1376404553,0.0,2925.999208
1376404853,0.0,2925.999208
1376405153,11.703996832,2925.999208
1376405453,0.0,2925.999208
1376405753,0.0,2925.999208
1376406053,0.0,2925.999208
1376406353,11.703996832,2925.999208
1376406653,0.0,2925.999208
1376406954,0.0,2925.999208
1376407254,11.703996832,2925.999208
1376407554,0.0,2925.999208
1376407854,0.0,2925.999208
1376408154,0.0,2925.999208
1376408454,11.703996832,2925.999208
1376408754,0.0,2925.999208
1376409054,0.0,2925.999208
1376409354,11.703996832,2925.999208
1376409654,0.0,2925.999208
1376409954,0.0,2925.999208
1376410254,11.703996832,2925.999208
1376410554,0.0,2925.999208
1376410854,0.0,2925.999208
1376411154,11.703996832,2925.999208
1376411454,0.0,2925.999208
1376411754,0.0,2925.999208
1376412054,0.0,2925.999208
1376412354,0.0,2925.999208
1376412654,0.0,2925.999208
1376412954,0.0,2925.999208
1376413255,11.703996832,2925.999208
1376413555,0.0,2925.999208
1376413855,0.0,2925.999208
1376414155,11.703996832,2925.999208
1376414455,0.0,2925.999208
1376414755,0.0,2925.999208
1376415055,11.703996832,2925.999208
1376415355,0.0,2925.999208
1376415655,0.0,2925.999208
1376415955,0.0,2925.999208
1376416255,11.703996832,2925.999208
1376416555,0.0,2925.999208
1376416855,0.0,2925.999208
1376417155,12.539996605714286,2925.999208
1376417455,0.0,2925.999208
1376417755,0.0,2925.999208
1376418055,0.0,2925.999208
1376418355,0.0,2925.999208
1376418655,0.0,2925.999208
1376418955,0.0,2925.999208
1376419255,11.703996832,2925.999208
1376419555,0.0,2925.999208
1376419855,0.0,2925.999208
1376420155,0.0,2925.999208
1376420455,12.539996605714286,2925.999208
1376420755,0.0,2925.999208
1376421055,0.0,2925.999208
1376421355,11.703996832,2925.999208
1376421655,0.0,2925.999208
1376421955,0.0,2925.999208
1376422255,11.703996832,2925.999208
1376422555,0.0,2925.999208
1376422856,0.0,2925.999208
1376423156,7.802664554666666,2925.999208
1376423456,3.901332277333333,2925.999208
1376423756,0.0,2925.999208
1376424056,0.0,2925.999208
1376424356,11.703996832,2925.999208
1376424656,0.0,2925.999208
1376424956,0.0,2925.999208
1376425256,11.703996832,2925.999208
1376425556,0.0,2925.999208
1376425856,0.0,2925.999208
1376426156,0.0,2925.999208
1376426456,11.703996832,2925.999208
1376426756,0.0,2925.999208
1376427056,0.0,2925.999208
1376427356,11.703996832,2925.999208
1376427656,0.0,2925.999208
1376427956,0.0,2925.999208
1376428256,11.703996832,2925.999208
1376428556,0.0,2925.999208
1376428856,0.0,2925.999208
1376429156,0.0,2925.999208
1376429456,11.703996832,2925.999208
1376429756,0.0,2925.999208
1376430056,0.0,2925.999208
1376430356,0.0,2925.999208
1376430656,11.703996832,2925.999208
1376430956,0.0,2925.999208
1376431256,0.0,2925.999208
1376431556,0.0,2925.999208
1376431856,0.0,2925.999208
1376432156,11.703996832,2925.999208
1376432456,0.0,2925.999208
1376432756,0.0,2925.999208
1376433056,11.703996832,2925.999208
1376433356,0.0,2925.999208
1376433656,0.0,2925.999208
1376433956,0.0,2925.999208
1376434256,11.703996832,2925.999208
1376434556,0.0,2925.999208
1376434856,0.0,2925.999208
1376435156,0.0,2925.999208
1376435456,0.0,2925.999208
1376435756,0.0,2925.999208
1376436056,0.0,2925.999208
1376436356,7.802664554666666,2925.999208
1376436656,3.901332277333333,2925.999208
1376436956,0.0,2925.999208
1376437256,0.0,2925.999208
1376437556,0.0,2925.999208
1376437856,11.703996832,2925.999208
1376438156,0.0,2925.999208
1376438456,0.0,2925.999208
1376438756,0.0,2925.999208
1376439056,11.703996832,2925.999208
1376439356,0.0,2925.999208
1376439656,0.0,2925.999208
1376439956,11.703996832,2925.999208
1376440256,0.0,2925.999208
1376440557,0.0,2925.999208
1376440857,0.0,2925.999208
1376441157,11.703996832,2925.999208
1376441457,0.0,2925.999208
1376441757,0.0,2925.999208
1376442057,10.449997171428572,2925.999208
1376442357,0.0,2925.999208
1376442657,0.0,2925.999208
1376442957,0.0,2925.999208
1376443257,0.0,2925.999208
1376443557,0.0,2925.999208
1376443857,0.0,2925.999208
1376444157,3.901332277333333,2925.999208
1376444457,7.802664554666666,2925.999208
1376444757,0.0,2925.999208
1376445057,0.0,2925.999208
1376445357,0.0,2925.999208
1376445657,0.0,2925.999208
1376445957,0.0,2925.999208
1376446257,0.0,2925.999208
1376446557,11.703996832,2925.999208
1376446857,0.0,2925.999208
1376447157,0.0,2925.999208
1376447457,0.0,2925.999208
1376447757,0.0,2925.999208
1376448057,0.0,2925.999208
1376448357,0.0,2925.999208
1376448657,11.703996832,2925.999208
1376448957,0.0,2925.999208
1376449257,0.0,2925.999208
1376449558,0.0,2925.999208
1376449858,0.0,2925.999208
1376450158,0.0,2925.999208
1376450458,11.703996832,2925.999208
1376450758,0.0,2925.999208
1376451058,0.0,2925.999208
1376451358,7.802664554666666,2925.999208
1376451658,3.901332277333333,2925.999208
1376451958,0.0,2925.999208
1376452258,0.0,2925.999208
1376452558,11.703996832,2925.999208
1376452858,0.0,2925.999208
1376453158,0.0,2925.999208
1376453458,11.703996832,2925.999208
1376453758,0.0,2925.999208
1376454058,0.0,2925.999208
1376454358,11.703996832,2925.999208
1376454658,0.0,2925.999208
1376454958,0.0,2925.999208
1376455258,0.0,2925.999208
1376455558,11.703996832,2925.999208
1376455858,0.0,2925.999208
1376456158,0.0,2925.999208
1376456458,0.0,2925.999208
1376456758,11.703996832,2925.999208
1376457058,0.0,2925.999208
1376457359,0.0,2925.999208
1376457659,0.0,2925.999208
1376457959,11.703996832,2925.999208
1376458259,0.0,2925.999208
1376458559,0.0,2925.999208
1376458859,0.0,2925.999208
1376459159,11.703996832,2925.999208
1376459459,0.0,2925.999208
1376459759,0.0,2925.999208
1376460059,0.0,2925.999208
1376460359,11.703996832,2925.999208
1376460659,0.0,2925.999208
1376460959,0.0,2925.999208
1376461258,11.703996832,2925.999208
1376461558,0.0,2925.999208
1376461858,0.0,2925.999208
1376462158,11.703996832,2925.999208
1376462458,0.0,2925.999208
1376462758,0.0,2925.999208
1376463059,0.0,2925.999208
1376463359,11.703996832,2925.999208
1376463659,0.0,2925.999208
1376463959,0.0,2925.999208
1376464259,0.0,2925.999208
1376464559,11.703996832,2925.999208
1376464859,0.0,2925.999208
1376465159,0.0,2925.999208
1376465459,0.0,2925.999208
1376465759,11.703996832,2925.999208
1376466059,0.0,2925.999208
1376466359,0.0,2925.999208
1376466659,0.0,2925.999208
1376466959,9.753330693333334,2925.999208
1376467259,0.0,2925.999208
1376467559,0.0,2925.999208
1376467859,11.703996832,2925.999208
1376468159,0.0,2925.999208
1376468459,0.0,2925.999208
1376468759,0.0,2925.999208
1376469059,11.703996832,2925.999208
1376469359,0.0,2925.999208
1376469659,0.0,2925.999208
1376469959,0.0,2925.999208
1376470259,11.703996832,2925.999208
1376470559,0.0,2925.999208
1376470859,0.0,2925.999208
1376471159,0.0,2925.999208
1376471459,0.0,2925.999208
1376471759,0.0,2925.999208
1376472059,0.0,2925.999208
1376472359,11.703996832,2925.999208
1376472659,0.0,2925.999208
1376472959,11.703996832,2925.999208
1376473260,0.0,2925.999208
1376473560,0.0,2925.999208
1376473860,0.0,2925.999208
1376474160,0.0,2925.999208
1376474460,0.0,2925.999208
1376474760,0.0,2925.999208
1376475060,0.0,2925.999208
1376475360,11.703996832,2925.999208
1376475660,0.0,2925.999208
1376475960,0.0,2925.999208
1376476260,0.0,2925.999208
1376476560,11.703996832,2925.999208
1376476860,0.0,2925.999208
1376477160,0.0,2925.999208
1376477460,11.703996832,2925.999208
1376477760,0.0,2925.999208
1376478060,0.0,2925.999208
1376478360,0.0,2925.999208
1376478660,0.0,2925.999208
1376478960,11.703996832,2925.999208
1376479260,0.0,2925.999208
1376479560,0.0,2925.999208
1376479860,11.703996832,2925.999208
1376480160,0.0,2925.999208
1376480460,0.0,2925.999208
1376480760,0.0,2925.999208
1376481060,11.703996832,2925.999208
1376481360,0.0,2925.999208
1376481660,0.0,2925.999208
1376481960,0.0,2925.999208
1376482261,11.703996832,2925.999208
1376482561,0.0,2925.999208
1376482861,0.0,2925.999208
1376483161,11.703996832,2925.999208
1376483461,0.0,2925.999208
1376483761,0.0,2925.999208
1376484061,0.0,2925.999208
1376484361,11.703996832,2925.999208
1376484661,0.0,2925.999208
1376484961,0.0,2925.999208
1376485261,11.703996832,2925.999208
1376485561,0.0,2925.999208
1376485861,0.0,2925.999208
1376486161,0.0,2925.999208
1376486461,11.703996832,2925.999208
1376486761,0.0,2925.999208
1376487061,0.0,2925.999208
1376487361,11.703996832,2925.999208
1376487661,0.0,2925.999208
1376487961,0.0,2925.999208
1376488261,0.0,2925.999208
1376488561,0.0,2925.999208
1376488861,0.0,2925.999208
1376489161,11.703996832,2925.999208
1376489461,0.0,2925.999208
1376489761,0.0,2925.999208
1376490061,0.0,2925.999208
1376490362,11.703996832,2925.999208
1376490662,0.0,2925.999208
1376490962,0.0,2925.999208
1376491262,11.703996832,2925.999208
1376491562,0.0,2925.999208
1376491862,0.0,2925.999208
1376492162,3.901332277333333,2925.999208
1376492462,7.802664554666666,2925.999208
1376492762,0.0,2925.999208
1376493062,0.0,2925.999208
1376493362,3.901332277333333,2925.999208
1376493662,7.802664554666666,2925.999208
1376493962,0.0,2925.999208
1376494261,11.703996832,2925.999208
1376494561,0.0,2925.999208
1376494861,0.0,2925.999208
1376495161,0.0,2925.999208
1376495461,11.703996832,2925.999208
1376495761,0.0,2925.999208
1376496061,0.0,2925.999208
1376496362,0.0,2925.999208
1376496662,0.0,2925.999208
1376496962,0.0,2925.999208
1376497262,0.0,2925.999208
1376497562,11.703996832,2925.999208
1376497862,0.0,2925.999208
1376498162,0.0,2925.999208
1376498462,0.0,2925.999208
1376498762,0.0,2925.999208
1376499062,11.703996832,2925.999208
1376499362,0.0,2925.999208
1376499662,0.0,2925.999208
1376499962,11.703996832,2925.999208
1376500262,0.0,2925.999208
1376500562,0.0,2925.999208
1376500862,11.703996832,2925.999208
1376501162,0.0,2925.999208
1376501462,0.0,2925.999208
1376501762,0.0,2925.999208
1376502062,11.703996832,2925.999208
1376502362,0.0,2925.999208
1376502662,0.0,2925.999208
1376502962,0.0,2925.999208
1376503263,11.703996832,2925.999208
1376503563,0.0,2925.999208
1376503863,0.0,2925.999208
1376504163,0.0,2925.999208
1376504463,11.703996832,2925.999208
1376504763,0.0,2925.999208
1376505063,0.0,2925.999208
1376505363,11.703996832,2925.999208
1376505663,0.0,2925.999208
1376505963,0.0,2925.999208
1376506263,0.0,2925.999208
1376506563,11.703996832,2925.999208
1376506863,0.0,2925.999208
1376507163,0.0,2925.999208
1376507463,11.703996832,2925.999208
1376507763,0.0,2925.999208
1376508063,0.0,2925.999208
1376508363,0.0,2925.999208
1376508663,11.703996832,2925.999208
1376508963,0.0,2925.999208
1376509263,0.0,2925.999208
1376509563,0.0,2925.999208
1376509863,0.0,2925.999208
1376510163,0.0,2925.999208
